1 1
1 2
1 3
1 4
1 5
1 6
1 7
1 8
1 9
1 10
1 11
1 12
1 13
2 14
2 15
2 16
2 17
2 18
2 19
2 20
2 21
2 22
2 22
2 23
2 24
2 25
2 26
2 27
2 28
2 29
2 30
2 31
2 32
2 33
2 34
2 35
2 36
2 37
2 38
2 39
2 40
2 41
2 10
2 42
2 43
2 44
2 45
2 46
2 47
2 48
2 49
2 50
3 51
3 52
3 53
3 54
3 55
3 56
3 57
3 58
3 59
3 60
3 61
3 62
3 63
3 64
3 65
3 66
3 67
3 68
3 69
3 11
3 70
4 71
4 72
4 73
4 74
4 75
4 76
4 77
4 78
4 79
4 80
4 81
4 82
4 83
4 84
4 85
4 86
4 87
4 88
4 89
4 90
4 91
4 92
4 93
4 94
4 95
4 96
4 97
4 98
4 99
4 100
4 5
4 101
4 102
4 103
4 104
4 103
4 105
4 106
4 107
4 108
4 109
4 110
4 111
4 112
4 113
4 114
4 115
4 116
4 117
4 118
4 119
4 120
4 121
4 122
4 123
4 124
4 66
4 125
4 126
4 127
4 128
4 129
4 130
5 131
5 132
5 133
5 134
5 135
5 8
5 136
5 137
5 9
5 138
5 66
5 68
5 139
6 140
6 141
6 142
6 143
6 144
6 145
6 146
6 147
6 147
6 148
6 149
6 150
6 151
6 152
6 153
6 154
6 155
6 156
6 157
6 158
6 159
6 160
6 161
6 162
6 36
6 163
6 37
6 164
6 165
7 166
7 167
7 168
7 169
7 170
7 171
7 172
7 173
7 174
7 175
7 176
7 177
8 178
8 179
8 180
8 181
8 182
9 183
9 184
9 15
9 73
9 185
9 186
9 187
9 188
9 52
9 5
9 189
9 190
9 191
9 60
9 192
9 6
9 193
9 194
9 195
9 196
9 154
9 63
9 197
10 198
10 199
10 140
10 200
10 201
10 146
10 202
11 203
11 204
11 168
11 205
11 206
12 17
12 207
12 208
12 209
12 28
12 210
12 211
12 212
12 213
13 214
13 215
13 216
13 94
13 217
13 218
13 219
13 220
13 221
13 222
13 3
13 95
13 223
13 224
13 225
13 226
13 227
13 228
13 229
13 191
13 230
13 231
13 232
13 233
13 234
13 235
13 236
13 237
13 238
13 239
13 240
13 241
13 242
13 146
13 194
13 243
13 244
13 245
13 246
13 247
13 248
13 249
13 250
13 251
13 252
13 253
13 254
13 66
13 255
14 256
14 257
14 258
14 259
14 260
14 261
14 262
14 263
14 264
14 265
15 198
15 266
15 267
15 268
15 269
15 270
15 271
15 272
15 273
15 274
15 275
15 276
15 277
15 173
15 278
16 279
16 280
16 281
16 282
16 283
17 284
17 285
17 283
17 286
17 287
17 288
17 289
18 290
18 291
18 292
18 86
18 293
18 294
18 295
18 296
19 297
19 298
19 265
19 299
19 300
19 301
19 302
19 303
19 304
19 305
19 306
19 307
19 308
19 309
20 310
20 311
20 312
20 313
20 314
20 315
21 85
21 316
21 317
21 318
21 319
21 197
21 320
21 321
21 322
21 37
21 323
22 324
22 325
22 326
22 327
22 328
22 19
22 329
22 28
22 35
22 36
22 330
22 331
23 332
23 333
23 334
23 335
23 336
23 221
23 337
23 189
23 190
23 20
23 338
23 339
23 340
23 341
23 342
23 343
23 344
23 345
23 346
23 347
23 110
23 111
23 234
23 60
23 348
23 235
23 238
23 349
23 242
23 133
23 241
23 144
23 350
23 133
23 351
23 208
23 318
23 352
23 353
23 243
23 117
23 354
23 150
23 147
23 196
23 355
23 356
23 62
23 357
23 358
23 148
23 359
23 360
23 19
23 361
23 362
23 363
23 364
23 365
23 154
23 136
23 366
23 367
23 249
23 9
23 29
23 299
23 368
23 369
23 32
23 30
23 370
23 162
23 371
23 372
23 373
23 374
23 159
23 375
23 156
23 376
23 377
23 120
23 122
23 378
23 379
23 33
23 34
23 380
23 381
23 382
23 36
23 383
23 384
23 385
23 211
24 193
24 386
24 387
24 154
24 388
24 389
24 363
24 390
24 391
24 377
24 122
24 392
24 393
24 161
24 66
24 394
25 395
25 396
25 397
25 398
25 399
26 400
26 401
26 21
26 369
26 156
26 210
26 299
26 402
26 403
26 404
27 405
27 406
27 407
27 87
27 408
27 409
27 88
27 119
27 138
27 410
27 411
27 412
27 323
28 406
28 413
28 185
28 414
28 415
28 416
28 9
28 30
28 417
28 418
28 11
28 419
29 420
29 421
29 422
29 157
29 423
29 424
29 425
29 426
30 427
30 428
30 429
30 430
30 126
30 431
30 130
31 432
31 433
31 434
31 435
31 436
32 437
32 438
32 439
32 440
32 441
32 442
32 443
33 444
33 445
33 364
33 389
33 446
34 447
34 448
34 147
34 449
34 450
34 451
34 452
34 453
34 454
34 455
35 456
35 457
35 458
35 459
35 460
35 461
36 462
36 463
36 362
36 387
36 464
36 120
36 465
37 466
37 467
37 468
37 173
37 17
37 469
37 131
37 470
37 471
37 472
37 217
37 1
37 188
37 473
37 221
37 474
37 475
37 476
37 3
37 477
37 478
37 479
37 333
37 480
37 337
37 481
37 482
37 285
37 483
37 334
37 102
37 229
37 484
37 106
37 485
37 343
37 20
37 345
37 486
37 338
37 487
37 488
37 235
37 144
37 489
37 242
37 490
37 239
37 317
37 491
37 352
37 353
37 492
37 243
37 245
37 493
37 148
37 494
37 495
37 136
37 154
37 367
37 249
37 9
37 29
37 496
37 210
37 374
37 371
37 156
37 370
37 159
37 497
37 498
37 122
37 123
37 499
37 376
37 383
37 500
37 397
37 393
37 501
37 36
37 402
37 502
37 162
37 503
37 425
37 385
37 504
37 392
37 163
37 505
37 302
37 506
37 323
37 252
37 507
37 253
37 508
37 509
37 510
37 40
37 127
37 511
37 512
37 513
37 514
37 515
37 516
37 517
37 43
37 394
37 509
37 518
37 519
37 520
37 521
38 406
38 522
38 276
38 523
38 524
38 53
38 294
38 525
38 526
38 527
38 356
38 412
38 319
38 528
38 330
39 529
39 530
39 531
39 532
39 533
39 370
39 534
40 535
40 536
40 537
40 84
40 175
40 538
40 539
40 540
40 541
40 56
40 100
40 229
40 542
41 119
41 492
41 320
41 543
41 544
41 545
41 546
41 547
41 548
41 130
41 549
41 550
41 551
41 552
42 478
42 189
42 232
42 553
42 119
42 554
42 22
42 555
42 556
42 152
43 557
43 558
43 559
43 215
43 560
43 394
44 561
44 562
44 563
44 564
44 565
44 184
44 566
44 567
44 568
44 569
44 570
44 571
45 572
45 264
45 573
45 574
45 149
45 575
45 576
45 577
46 578
46 579
46 580
46 581
46 582
47 583
47 584
47 356
47 585
47 210
47 586
48 587
48 568
48 588
48 540
48 345
48 589
48 194
48 590
48 591
49 385
49 36
49 425
49 411
49 592
49 508
50 593
50 594
50 595
50 596
50 597
50 598
50 259
50 599
50 53
50 4
50 600
50 601
50 602
50 603
50 604
50 486
50 341
50 605
50 606
50 607
50 608
50 609
50 197
50 19
50 63
50 495
50 610
50 463
50 138
50 505
50 611
50 612
50 613
50 412
50 614
51 615
51 616
51 617
51 300
51 618
51 619
51 124
51 122
51 385
51 162
51 211
51 251
52 324
52 278
52 620
52 86
52 89
52 621
52 622
52 623
52 488
52 624
52 625
52 626
52 493
53 562
53 627
53 628
53 472
53 479
53 142
53 234
53 240
53 462
53 154
53 629
53 630
53 213
53 631
54 563
54 632
54 633
54 634
54 119
54 495
54 137
54 138
54 377
54 376
54 34
54 379
54 635
55 468
55 636
55 221
55 637
55 638
55 89
55 639
55 640
55 64
55 8
55 299
55 65
55 641
55 504
56 642
56 643
56 644
56 207
56 645
56 646
57 324
57 395
57 647
57 648
57 169
57 649
57 284
57 650
57 207
57 651
57 652
57 653
57 89
57 654
57 655
57 473
57 656
57 657
57 476
57 203
57 477
57 479
57 337
57 658
57 659
57 343
57 660
57 661
57 22
57 283
57 662
57 663
57 664
57 244
57 286
57 665
57 666
57 667
57 668
57 669
57 50
57 670
58 671
58 672
58 673
58 674
58 675
58 676
58 677
58 678
58 265
58 62
58 386
59 364
59 679
59 307
59 680
59 392
59 681
59 37
59 40
59 682
59 452
59 683
60 684
60 685
60 686
60 648
60 535
60 687
60 326
60 348
60 688
60 265
60 318
60 243
60 149
60 689
60 320
60 382
60 690
60 691
60 411
60 402
60 424
60 692
60 510
60 514
60 67
60 126
60 693
60 68
61 694
61 580
61 627
61 695
61 636
61 91
61 471
61 696
61 697
61 56
61 479
61 94
61 229
61 20
61 242
61 132
61 698
61 147
61 147
61 699
61 356
61 700
61 701
61 63
61 376
61 702
61 703
61 704
62 218
62 219
62 705
62 706
62 707
62 708
62 302
62 704
62 709
63 710
63 711
63 377
63 65
63 19
63 712
63 34
63 305
63 713
63 301
63 498
63 306
63 714
63 307
63 715
63 716
63 508
64 717
64 402
64 718
64 302
64 719
65 100
65 110
65 236
65 706
65 210
65 392
66 720
66 721
66 722
66 246
66 463
66 723
66 124
66 724
66 725
66 508
67 726
67 727
67 210
67 728
67 306
68 729
68 562
68 730
68 731
68 395
68 732
68 57
68 105
68 733
68 505
68 734
69 735
69 395
69 736
69 282
69 201
69 737
69 738
69 394
69 739
70 183
70 345
70 273
70 78
70 740
70 167
70 741
70 648
70 174
70 742
70 743
70 655
70 93
70 177
70 541
70 589
70 488
70 234
70 744
70 22
70 745
70 236
70 746
70 133
70 239
70 244
70 493
70 25
70 19
70 517
70 8
70 747
70 391
70 748
70 512
70 210
70 374
70 377
70 410
70 749
70 516
70 592
70 750
70 39
70 511
70 693
70 308
70 126
70 751
70 43
70 399
71 752
71 753
71 522
71 676
71 754
71 755
71 756
71 103
71 757
71 758
71 747
71 608
71 138
71 424
71 382
71 704
71 586
72 759
72 760
72 761
72 762
72 763
72 764
72 765
73 766
73 695
73 721
73 573
73 767
73 629
74 768
74 769
74 770
74 324
74 324
74 771
74 221
74 772
74 637
74 407
74 754
74 4
74 722
74 200
74 484
74 103
74 60
74 773
74 774
74 296
74 775
74 776
74 777
74 778
74 779
75 16
75 780
75 781
75 766
75 782
75 467
75 783
76 784
76 73
76 785
76 786
76 787
77 788
77 651
77 219
77 789
77 224
77 98
77 790
78 791
78 73
78 792
78 793
78 794
79 781
79 644
79 324
79 795
79 796
79 797
79 798
79 799
79 800
79 130
79 801
80 802
80 467
80 648
80 803
80 804
80 805
80 806
80 807
80 103
80 103
80 149
80 808
80 320
80 809
80 810
80 683
80 811
81 793
81 812
81 813
81 814
81 815
81 656
81 100
81 816
81 817
81 5
81 818
81 343
81 340
81 819
81 820
81 821
81 822
81 823
81 824
81 301
81 379
81 34
81 412
81 825
81 500
81 305
81 418
81 826
81 38
81 253
81 750
81 39
82 587
82 827
82 374
82 37
82 500
82 40
83 828
83 829
83 830
83 490
83 831
83 832
84 833
84 788
84 632
84 558
84 405
84 766
84 324
84 736
84 834
84 835
84 469
84 836
84 468
84 169
84 650
84 326
84 656
84 3
84 224
84 837
84 481
84 200
84 722
84 230
84 201
84 191
84 106
84 20
84 232
84 238
84 235
84 554
84 489
84 133
84 143
84 838
84 240
84 318
84 196
84 24
84 148
84 25
84 248
84 402
84 393
84 839
84 511
84 693
85 840
85 86
85 54
85 808
85 841
86 795
86 842
86 843
86 844
86 845
86 774
86 846
86 701
86 27
86 608
86 847
86 369
86 848
86 301
86 712
86 124
86 303
86 161
86 306
86 253
87 444
87 849
87 799
87 83
87 850
87 851
87 485
87 800
87 852
87 853
87 490
87 854
87 117
87 821
87 347
87 138
87 726
87 492
87 775
87 855
87 640
87 416
87 27
87 374
87 121
87 123
87 856
88 199
88 857
88 858
88 859
88 860
88 861
88 862
88 863
88 864
88 865
89 866
89 867
89 868
89 869
89 519
89 870
89 871
90 872
90 873
90 874
90 875
90 876
90 520
90 871
91 877
91 878
91 759
91 879
91 880
91 315
91 881
91 882
91 883
91 884
92 761
92 315
92 885
92 886
92 887
92 882
92 888
92 889
92 875
93 890
93 891
93 892
93 190
93 705
93 110
93 361
93 723
93 321
93 210
93 31
94 402
94 417
94 37
94 893
94 894
94 507
94 508
94 895
94 896
95 897
95 898
95 772
95 899
95 900
95 32
95 368
96 323
96 586
96 749
96 901
96 902
96 507
96 903
97 904
97 223
97 905
97 906
97 907
98 250
98 751
98 68
98 908
98 909
99 910
99 911
99 287
99 912
99 913
100 914
100 915
100 916
100 917
100 918
100 918
101 919
101 695
101 920
101 921
101 134
101 922
101 122
101 923
102 924
102 925
102 926
102 660
102 927
102 512
102 928
102 929
103 930
103 931
103 932
103 933
103 154
104 934
104 40
104 42
104 935
104 936
105 937
105 938
105 939
105 940
105 941
105 869
105 942
106 943
106 944
106 945
106 946
106 947
107 948
107 949
107 950
107 951
107 952
108 850
108 953
108 219
108 220
108 954
108 226
108 225
108 63
108 302
108 376
108 36
108 392
108 379
108 122
108 385
108 161
108 955
109 956
109 957
109 452
109 958
109 959
109 960
109 961
109 962
109 963
110 964
110 965
110 966
110 967
110 968
111 969
111 19
111 852
111 970
111 532
111 971
112 972
112 48
112 973
112 974
112 975
112 976
113 977
113 978
113 979
113 980
113 981
114 982
114 983
114 984
114 985
114 204
114 942
115 986
115 643
115 583
115 216
115 284
115 987
115 988
115 989
115 749
115 253
115 856
115 990
115 126
115 693
115 991
116 992
116 993
116 994
116 995
116 996
116 997
116 998
117 843
117 57
117 699
117 626
117 999
117 197
117 723
117 464
118 1000
118 1001
118 1002
118 1003
118 1004
119 1005
119 1006
119 1007
119 1008
119 1009
120 1010
120 1011
120 1012
120 1013
120 1014
120 1015
120 1016
120 1017
120 1018
120 1019
120 1020
120 192
120 1021
120 1022
120 1023
120 1024
121 1025
121 1026
121 1027
121 1028
121 1029
122 40
122 1030
122 212
122 509
122 1031
123 1032
123 1033
123 1034
123 1035
123 315
123 1036
123 1037
124 1038
124 1039
124 1040
124 1041
124 1042
125 792
125 924
125 324
125 82
125 272
125 1043
125 1044
125 470
125 815
125 192
125 133
125 136
125 154
125 247
125 389
125 429
125 363
125 359
125 27
126 359
126 608
126 321
126 249
126 615
126 9
126 629
127 82
127 1045
127 817
127 1046
127 103
127 527
127 115
127 532
127 361
127 1047
127 323
128 1048
128 283
128 737
128 61
128 624
128 1049
128 1050
128 1051
128 1052
128 1053
128 1054
128 1055
128 246
128 1056
128 1057
128 495
128 321
128 847
128 615
128 299
128 31
128 410
128 1058
128 1059
128 1060
128 1061
129 1062
129 1063
129 4
129 52
129 483
129 1064
129 494
129 606
129 364
129 464
129 608
129 747
129 1065
129 1066
129 123
130 1067
130 1042
130 1068
130 1069
130 1070
131 21
131 852
131 1071
131 1072
131 1073
131 490
131 1074
131 204
132 1075
132 1076
132 1077
132 1078
132 939
132 1079
133 1080
133 937
133 869
133 1081
133 1082
134 1083
134 1084
134 1085
134 1086
134 1087
135 1088
135 1089
135 1090
135 1091
135 1092
136 144
136 235
136 700
136 1093
136 629
137 1094
137 1095
137 1096
137 1097
137 1098
138 1099
138 97
138 899
138 103
138 1100
138 530
138 1101
138 1102
138 1103
138 134
138 418
138 10
139 1104
139 1105
139 1106
139 1107
139 1108
140 1109
140 1110
140 1111
140 1112
140 1113
140 1114
141 1115
141 1116
141 1117
141 1118
141 1119
141 1120
142 14
142 1121
142 642
142 1122
142 695
142 167
142 350
142 37
143 1123
143 573
143 586
143 11
143 70
143 1124
144 720
144 1125
144 640
144 250
144 514
145 1126
145 708
145 703
145 1127
145 902
146 1128
146 606
146 712
146 1129
146 381
146 1130
146 382
146 714
146 704
146 1131
146 1132
147 176
147 756
147 236
147 323
147 1133
147 110
147 238
147 357
147 1134
147 351
147 386
147 247
147 545
147 210
147 509
147 826
147 749
147 927
147 929
148 644
148 1135
148 1
148 229
148 338
148 191
148 150
148 629
149 1136
149 1137
149 1138
149 54
149 387
149 30
149 42
149 10
149 840
150 467
150 705
150 1139
150 800
150 989
151 1140
151 570
151 78
151 736
151 1141
151 1142
151 1133
151 1143
151 1144
151 821
151 248
151 585
151 28
151 32
151 498
151 1145
152 1146
152 1147
152 817
152 1148
152 1149
153 1150
153 1151
153 1152
153 64
153 1153
153 681
153 1154
153 1155
153 1156
154 1157
154 1158
154 63
154 989
154 826
154 1131
154 1030
154 1159
155 1160
155 444
155 1161
155 75
155 268
155 1162
155 1163
155 628
155 537
155 225
155 343
155 1164
155 921
155 1093
155 532
155 823
155 209
155 1053
155 1165
155 320
155 249
155 922
155 847
155 750
156 1166
156 729
156 1167
156 1167
156 256
156 1168
156 1169
156 1012
156 582
156 1170
156 1171
156 633
156 1172
156 1173
156 324
156 324
157 1136
157 770
157 1174
157 274
157 407
157 89
157 1175
157 335
157 192
157 346
157 662
157 921
157 347
157 1176
158 1177
158 1177
158 1177
158 1177
158 1177
159 78
159 273
159 1178
159 920
159 114
159 1179
159 1180
159 530
159 1181
159 767
159 855
159 1182
159 1183
159 1184
159 1185
159 378
159 1066
159 381
160 1186
160 1187
160 1188
160 1189
160 1190
161 1191
161 1192
161 1166
161 931
161 736
161 782
162 1193
162 766
162 1194
162 276
162 650
162 1195
162 471
162 1196
162 815
162 52
162 1197
162 1198
162 656
162 336
162 599
162 1199
162 54
162 100
162 1200
162 1201
162 1202
162 298
162 190
162 485
162 852
162 773
162 1203
162 113
162 934
162 1204
162 60
162 115
162 194
162 1205
162 401
162 1206
163 1207
163 1208
163 1209
163 1210
163 1211
163 1212
164 930
164 1213
164 1214
164 1215
164 82
164 174
164 1216
164 1217
164 86
164 1045
164 471
164 218
164 805
164 1218
164 326
164 1219
164 816
164 1220
164 53
164 335
164 1221
164 336
164 1133
164 54
164 332
164 1222
164 722
164 818
164 807
164 281
164 344
164 660
164 1223
164 1224
164 1225
164 1226
164 115
164 1227
164 1228
164 388
164 605
164 1229
164 700
164 855
164 355
164 1230
164 823
165 1231
165 1232
165 972
165 1233
165 1234
165 1235
165 1236
166 1237
166 1162
166 834
166 536
166 96
166 231
166 1049
166 27
166 247
166 809
166 544
166 1238
166 1239
166 1240
167 833
167 672
167 1237
167 587
167 568
167 1241
167 1242
167 18
167 1
167 222
167 656
167 203
167 1201
167 1243
167 478
167 837
167 481
167 20
167 234
167 132
167 352
167 194
167 157
167 713
167 1159
167 509
167 1112
168 638
168 1202
168 1244
168 134
168 121
168 512
168 69
168 509
169 1174
169 795
169 89
169 1245
169 1246
169 971
169 1152
169 1247
169 839
169 1248
170 797
170 1249
170 1250
170 1251
170 61
170 689
171 1072
171 819
171 1251
171 301
171 1185
171 376
172 1252
172 780
172 1253
172 740
172 169
172 396
172 19
172 90
172 1133
172 332
172 1254
172 141
172 659
172 1255
172 239
172 1256
172 8
172 30
172 65
172 500
172 825
172 426
172 738
173 930
173 83
173 932
173 954
173 97
173 99
173 343
173 60
173 236
173 132
173 144
173 1256
173 249
173 130
174 1257
174 342
174 348
174 1258
174 555
175 1259
175 568
175 271
175 440
175 926
176 1260
176 1261
176 1262
176 1263
176 1264
177 1265
177 1266
177 1267
177 1268
177 1082
177 1269
177 1270
178 456
178 456
178 456
178 1271
178 1272
179 379
179 385
179 839
179 1131
179 856
179 70
179 929
179 13
180 1273
180 1274
180 1275
180 1276
180 1277
181 1278
181 1279
181 1280
181 1281
181 1282
181 1283
182 269
182 1284
182 596
182 263
182 646
182 1164
182 1285
182 1286
182 1056
182 119
182 416
183 267
183 1287
183 535
183 100
183 1288
183 297
183 104
183 356
184 642
184 138
184 1142
184 680
184 425
184 156
184 952
185 1289
185 1290
185 1291
185 1292
185 1293
185 1294
186 184
186 1295
186 1296
186 1297
186 1298
186 685
186 632
186 1299
186 784
186 1300
187 1301
187 272
187 168
187 1302
187 1303
187 1127
188 1304
188 1305
188 869
188 1082
188 1042
188 1306
188 1068
188 1307
189 1308
189 1306
189 879
189 1042
189 1309
189 883
189 1310
189 1311
190 1312
190 1313
190 1314
190 1315
190 548
191 168
191 429
191 249
191 300
191 374
191 592
192 1316
192 143
192 1317
192 321
192 591
193 1128
193 293
193 1318
193 19
193 342
193 1316
194 231
194 338
194 1319
194 344
194 241
194 698
194 1049
194 1320
194 1064
194 245
194 1047
194 1321
194 415
195 17
195 1322
195 1323
195 676
195 1324
196 1325
196 1326
196 1107
196 1327
196 1328
197 434
197 844
197 1093
197 1329
197 823
198 794
198 466
198 413
198 275
198 1148
198 804
198 1330
199 1331
199 1332
199 967
199 978
200 1333
200 1334
200 1335
200 1029
200 1336
201 1337
201 153
201 1338
201 1339
201 1340
201 1341
201 1342
202 1343
202 595
202 1344
202 251
202 719
202 1159
202 419
202 1345
202 840
202 1346
203 1347
203 1348
203 1349
203 779
203 1350
204 1351
204 364
204 538
204 989
204 143
204 773
204 357
204 1055
204 1352
205 1043
205 537
205 471
205 1063
205 326
205 654
205 189
205 237
205 191
205 192
205 235
205 489
205 1127
206 1353
206 1354
206 1355
206 1356
206 759
206 1357
207 73
207 1302
207 1358
207 1359
207 1360
207 60
207 236
207 240
207 699
207 1182
207 1361
207 366
207 63
207 429
207 847
207 330
207 901
208 456
208 1362
208 456
208 456
208 456
208 1363
208 983
209 77
209 1364
209 1222
209 59
209 1365
209 196
209 1093
209 704
210 1366
210 815
210 1367
210 1137
210 224
210 334
210 23
210 1319
210 238
210 133
210 351
210 155
210 249
210 33
210 159
210 410
210 412
211 208
211 538
211 360
211 403
211 303
212 1368
212 1369
212 1370
212 1371
212 1372
212 1373
212 1374
212 1375
213 524
213 214
213 1376
213 1219
213 95
213 1377
213 1378
213 1164
213 57
213 485
213 220
213 1073
213 1379
213 590
213 209
213 1054
213 1380
213 1381
213 414
213 1247
213 1382
214 1383
214 1384
214 1385
214 1386
214 1387
215 1388
215 1389
215 1390
215 1391
215 1392
216 734
216 1393
216 1394
216 1395
216 1396
216 1397
216 1398
216 1399
216 1400
216 1401
216 1402
216 1403
216 1404
216 1405
216 1406
216 1407
217 1408
217 1409
217 1410
217 1293
217 1411
217 1412
218 370
218 374
218 497
218 391
218 613
218 499
218 611
218 124
218 894
219 333
219 1324
219 844
219 1413
219 1225
219 1379
219 624
219 1414
219 1415
219 209
219 626
219 727
220 1416
220 1417
220 1172
220 77
220 1418
221 1419
221 1420
221 1421
221 1422
221 1423
221 1424
221 1425
222 1426
222 1427
222 1428
222 1429
222 1430
223 1431
223 912
223 1432
223 1433
223 1434
224 1435
224 1266
224 1436
224 861
224 1437
225 1296
225 1297
225 1298
225 770
225 199
226 1160
226 1438
226 1439
226 1440
226 1441
226 919
226 1442
226 1167
226 1443
226 642
226 1167
226 1168
226 1121
227 1444
227 522
227 1445
227 78
227 468
227 1044
227 468
228 704
228 1446
228 164
228 1034
228 1447
228 1448
229 735
229 1449
229 1443
229 1450
229 1451
230 1452
230 1453
230 1454
230 1455
230 1456
230 1294
230 1457
231 1458
231 1459
231 1460
231 1461
231 1462
231 1463
231 1464
231 1465
231 1466
232 702
232 978
232 1467
232 1468
232 1469
233 1054
233 1329
233 1381
233 777
233 776
234 427
234 1470
234 1471
234 1141
234 87
234 1472
234 1473
235 77
235 324
235 1474
235 1
235 172
235 898
235 84
235 167
235 472
235 203
235 804
235 188
235 1475
235 478
235 224
235 541
235 20
235 104
235 722
235 1476
235 22
235 489
235 662
235 133
235 193
235 352
235 244
235 25
236 76
236 406
236 78
236 1477
236 1474
236 168
236 1143
236 773
237 85
237 221
237 1320
237 1134
237 361
238 4
238 533
238 243
238 1478
238 197
238 615
238 525
239 1479
239 1374
239 1480
239 374
239 1481
239 204
240 1482
240 395
240 1483
240 56
240 57
240 110
240 1227
240 1256
240 358
240 1484
240 384
240 67
240 125
240 1159
240 1485
240 909
241 1486
241 1487
241 1488
241 1315
241 1489
241 1490
242 1201
242 482
242 107
242 346
242 1491
242 244
242 492
242 120
243 1296
243 694
243 686
243 168
243 925
243 100
243 1492
243 105
243 109
243 662
243 1226
243 239
243 533
243 767
243 1050
243 462
243 1493
244 1198
244 1494
244 1164
244 1495
244 1165
244 1496
245 171
245 446
245 418
245 253
245 10
246 535
246 537
246 674
246 1182
246 927
246 1497
247 1498
247 1499
247 1500
247 1501
247 1502
248 1503
248 1504
248 1505
248 1506
248 1507
248 1508
248 1509
249 612
249 611
249 613
249 927
249 1510
249 1511
250 1376
250 230
250 356
250 321
250 847
250 1238
250 1345
251 1512
251 1513
251 1514
251 1515
251 1516
252 1517
252 428
252 1518
252 789
252 1320
252 389
252 1055
252 359
253 1519
253 1520
253 595
253 283
253 1071
253 527
253 842
254 1521
254 816
254 1522
254 556
254 1361
254 210
254 1159
255 1523
255 1524
255 1525
255 1526
255 1527
255 1528
256 1529
256 1530
256 1531
256 1532
256 936
257 1533
257 1534
257 1535
257 1536
257 1537
258 1125
258 1162
258 523
258 326
258 224
258 676
258 554
258 234
258 220
258 1321
259 395
259 650
259 655
259 489
259 617
259 634
259 1230
259 148
259 900
259 1250
259 1538
259 808
259 1251
259 137
260 15
260 16
260 568
260 1539
260 643
260 1540
260 395
260 1194
260 1477
260 167
260 815
260 656
260 1541
260 201
260 1542
260 22
260 283
260 1320
260 352
260 318
260 353
260 401
260 429
260 1230
260 1246
261 1204
261 1543
261 1415
261 1414
261 1230
261 971
261 1158
261 247
262 1544
262 1545
262 1546
262 1547
262 1548
263 1549
263 1549
263 1550
263 1485
263 1551
264 1552
264 1553
264 1554
264 1552
264 1553
264 1554
265 276
265 1555
265 86
265 756
265 837
265 339
265 1072
265 240
265 823
266 1556
266 670
266 1557
266 1558
266 1559
267 1560
267 655
267 280
267 6
267 726
267 1230
268 224
268 237
268 193
268 66
268 1561
268 1562
268 1563
268 1564
268 576
268 1565
269 1566
269 1567
269 1079
269 1404
269 1568
270 1569
270 1570
270 1571
270 1572
270 315
271 1573
271 1574
271 1575
271 1576
271 1577
272 731
272 723
272 927
272 512
272 127
273 1213
273 1137
273 816
273 96
273 387
273 10
274 611
274 612
274 613
274 498
274 122
274 927
274 1578
275 680
275 990
275 1579
275 1580
275 1581
276 536
276 336
276 411
276 331
276 894
276 38
276 508
276 1582
277 275
277 541
277 823
277 25
277 1583
278 1584
278 1585
278 1586
278 1587
278 1588
279 1589
279 1590
279 336
279 25
279 538
279 414
279 1591
280 1592
280 1413
280 56
280 1593
280 852
281 1594
281 1595
281 1596
281 1597
281 1598
281 1599
282 1600
282 76
282 1601
282 1602
282 1592
282 1603
282 797
282 1604
282 1605
282 1606
282 1607
282 1608
282 221
282 1045
282 276
282 524
282 595
282 649
282 1202
282 1609
282 988
282 1610
282 925
282 541
282 345
282 1611
282 1288
282 285
282 222
282 142
282 698
282 818
282 1049
282 1612
282 678
283 1613
283 1614
283 1615
283 1616
283 1617
284 1618
284 1619
284 1620
284 965
284 1621
285 1622
285 1121
285 1193
285 199
285 1174
285 834
285 214
285 1623
285 1517
285 1624
285 815
285 1625
285 899
285 1626
285 1627
286 1628
286 19
286 1629
286 789
286 4
286 1630
287 337
287 722
287 1359
287 554
287 346
288 1631
288 781
288 643
288 595
288 1138
288 227
288 1020
288 348
288 555
288 1632
288 243
288 194
288 119
288 1182
288 118
288 1538
289 1633
289 1634
289 1635
289 1636
289 1637
289 1633
290 1638
290 1639
290 1640
290 1641
290 1642
291 787
291 475
291 1643
291 242
291 462
291 1415
291 1414
292 1644
292 1645
292 1646
292 1647
292 1648
292 1649
293 1650
293 1416
293 1651
293 1652
293 1653
294 1622
294 1241
294 623
294 1073
294 901
294 560
295 1654
295 1655
295 1656
295 1657
295 315
296 798
296 1658
296 1659
296 506
296 591
297 1660
297 1661
297 165
297 1662
297 1663
297 1664
297 1265
298 1665
298 702
298 1666
298 1667
298 1668
299 1669
299 1670
299 1671
299 1672
299 1673
300 1674
300 1675
300 164
300 1676
300 1677
301 1019
301 1169
301 1678
301 1544
301 1169
301 1679
302 1680
302 1681
302 1682
302 1683
302 870
303 199
303 55
303 103
303 542
303 1414
303 544
303 1561
304 1684
304 1685
304 1686
304 1687
304 1688
304 1689
305 1167
305 1136
305 770
305 582
305 735
305 1690
305 1173
305 1691
305 1601
305 572
305 1692
306 1693
306 1694
306 1695
306 1696
306 1617
307 1697
307 1698
307 1699
307 1700
307 1700
308 1099
308 1701
308 1540
308 1702
308 1474
308 1477
308 86
308 175
308 573
308 1703
308 1216
308 1658
308 755
308 654
308 4
308 645
308 285
308 103
308 297
308 485
308 601
308 1704
308 293
308 346
308 6
308 317
308 24
308 1351
308 775
308 1250
308 823
308 1538
308 386
308 971
308 1705
309 331
309 715
309 749
309 1060
309 902
309 1706
310 1658
310 1707
310 1708
310 1709
310 1710
311 1711
311 869
311 50
311 1712
311 1713
311 1714
311 1715
312 1716
312 1717
312 1293
312 1718
312 1719
312 1720
313 170
313 1215
313 1721
313 166
313 1722
313 177
314 1723
314 1724
314 1725
314 1726
314 1727
314 1728
315 1729
315 1730
315 1539
315 1241
315 1213
316 1731
316 15
316 1301
316 1732
316 633
316 77
316 583
316 1691
317 825
317 629
317 70
317 394
317 1733
317 544
318 1734
318 1703
318 743
318 480
318 1735
318 1736
318 490
318 1228
318 1050
318 821
318 626
318 209
319 1737
319 1738
319 1739
319 114
319 1740
319 1741
319 1050
319 1742
320 1743
320 1744
320 1745
320 1746
320 1009
321 1747
321 1748
321 1749
321 1750
321 1751
321 1752
321 1753
321 1754
322 1755
322 1756
322 1757
322 1758
322 1759
322 1760
323 1761
323 1374
323 1762
323 1763
323 1764
324 924
324 1765
324 1173
324 695
324 1602
325 1625
325 445
325 192
325 1766
325 902
326 1767
326 1768
326 1769
326 1770
326 1771
326 1772
327 1773
327 1774
327 779
327 1775
327 315
328 1776
328 1777
328 1778
328 1779
328 1780
329 1781
329 1782
329 1783
329 1088
329 1784
330 1785
330 1235
330 1310
330 1067
330 1786
331 1787
331 1788
331 1022
331 1789
331 1790
332 710
332 672
332 1791
332 1792
332 1793
332 1237
333 1794
333 507
333 1795
333 1796
333 1797
334 573
334 1798
334 688
334 1740
334 1799
334 1800
334 989
335 1801
335 1802
335 1803
335 549
335 1804
336 797
336 1805
336 524
336 1806
336 86
336 1175
336 291
336 806
337 1607
337 1319
337 921
337 360
337 1807
337 1808
338 1809
338 1810
338 1811
338 883
338 1599
339 1812
339 1813
339 1814
339 1815
339 1816
339 1817
339 1818
340 1819
340 1820
340 1821
340 1038
340 1404
340 1822
340 937
340 1823
341 338
341 646
341 93
341 1824
341 386
342 1213
342 103
342 1825
342 59
342 1522
342 113
342 1165
343 1103
343 625
343 193
343 209
343 388
343 605
343 1826
344 789
344 1148
344 1142
344 1827
344 208
344 933
344 96
344 1828
344 294
344 1829
344 1478
345 1830
345 85
345 1471
345 1055
345 1381
345 823
345 319
345 1717
346 1831
346 1200
346 705
346 589
346 1224
346 488
346 1832
346 240
346 1226
346 1632
346 1833
346 1834
346 1835
347 1622
347 258
347 924
347 1836
347 1222
347 168
347 633
347 1837
347 1178
347 259
347 87
347 1827
347 343
347 1316
347 1838
347 231
347 1643
347 59
347 283
347 1139
347 706
347 584
347 61
347 1798
347 662
347 660
347 344
347 1049
347 1839
347 1840
348 1449
348 1791
348 1136
348 1841
348 781
348 1842
349 1843
349 1252
349 1844
349 1845
349 1846
349 632
350 1191
350 1847
350 849
350 433
350 1848
350 1849
351 1850
351 1851
351 1852
351 1853
351 871
352 51
352 413
352 93
352 1854
352 488
352 296
353 1049
353 1855
353 1856
353 1857
353 1858
353 1859
354 1860
354 1861
354 1862
354 1541
354 27
354 136
355 1863
355 348
355 854
355 1256
355 640
355 42
356 1445
356 1830
356 599
356 1200
356 333
356 844
356 484
356 116
356 361
356 1230
356 1864
357 568
357 1865
357 80
357 176
357 210
357 1097
357 1866
358 1867
358 261
358 1737
358 1178
358 1868
358 1869
359 856
359 419
359 1870
359 1311
359 452
360 1121
360 1012
360 1295
360 1301
360 1871
360 785
360 1872
361 798
361 1316
361 55
361 1046
361 60
361 852
361 1285
362 1873
362 890
362 221
362 1828
362 843
362 722
362 1378
362 757
362 1736
362 146
362 283
362 1320
362 1165
362 1874
362 1707
362 1875
362 1876
362 1877
363 1878
363 1082
363 519
363 959
363 520
364 1879
364 1631
364 1880
364 1099
364 784
364 1449
365 677
365 327
365 1103
365 118
365 349
365 1881
366 1882
366 1883
366 1884
366 1882
366 1883
366 1884
367 1885
367 1886
367 1887
367 1885
367 1886
367 1887
368 1888
368 148
368 357
368 494
368 24
368 1361
368 1382
368 386
369 642
369 694
369 1889
369 580
369 1871
370 489
370 332
370 1382
370 7
370 362
370 1158
370 154
370 136
370 425
371 14
371 633
371 658
371 1203
371 56
371 59
371 1230
372 1658
372 87
372 1890
372 219
372 1891
372 621
372 1892
372 1893
372 1894
373 565
373 1895
373 1193
373 1896
373 1897
373 1012
373 794
374 295
374 97
374 1898
374 104
374 484
374 1899
375 1731
375 930
375 571
375 522
375 650
375 149
376 1539
376 1243
376 1900
376 905
376 133
376 414
377 1404
377 879
377 1068
377 315
377 1901
377 872
377 1902
377 1903
377 869
377 1904
377 1082
377 1263
377 1905
378 266
378 1628
378 407
378 816
378 476
378 1906
378 600
378 4
378 189
378 1288
378 1541
378 103
378 103
378 1824
378 487
378 350
378 61
378 1073
378 352
378 194
378 921
379 1907
379 1044
379 1806
379 1908
379 1906
379 1909
379 485
379 1200
379 1910
379 602
379 486
379 609
379 1911
379 1912
379 703
379 1913
379 902
379 1914
379 1915
380 1182
380 21
380 119
380 357
380 148
380 689
380 971
381 1174
381 795
381 890
381 649
381 1916
381 487
381 531
381 1917
381 855
382 1918
382 1919
382 1450
382 432
382 1920
383 1921
383 180
383 1305
383 759
383 1922
384 1417
384 1923
384 216
384 637
384 339
384 233
384 236
384 1924
384 296
384 726
385 627
385 766
385 650
385 898
385 1925
385 52
385 223
385 1249
385 340
385 1862
385 744
385 61
385 117
385 693
386 1926
386 571
386 627
386 138
386 556
386 42
386 69
387 1927
387 107
387 429
387 608
387 391
388 1928
388 1929
388 1930
388 15
388 644
388 215
388 537
389 563
389 564
389 1931
389 1793
389 567
389 1136
389 632
389 1417
389 569
389 1299
389 405
389 1932
390 1793
390 1836
390 1871
390 780
390 1765
391 1933
391 1792
391 16
391 1934
391 568
391 784
391 72
391 1842
391 1122
391 644
391 1242
391 76
391 969
391 1540
391 730
391 1222
391 647
391 1477
391 1935
391 1923
391 215
391 1936
391 273
392 1112
392 1212
392 1708
392 1803
392 1937
393 111
393 110
393 737
393 132
393 489
393 133
393 24
394 1938
394 969
394 754
394 1604
394 345
394 1285
394 1939
394 493
394 971
394 1940
394 134
395 14
395 1842
395 643
395 1194
395 173
395 1
395 92
395 1243
395 934
395 346
395 143
395 357
395 363
395 25
396 1222
396 103
396 533
396 1941
396 707
396 747
397 1754
397 1942
397 1943
397 1944
397 942
397 1945
397 1904
397 1395
398 1946
398 1947
398 389
398 247
398 693
398 1733
398 1948
398 734
399 1010
399 1194
399 168
399 1916
399 1049
399 745
399 809
399 1949
400 1950
400 1103
400 626
400 492
400 1951
401 1653
401 729
401 1844
401 184
401 566
401 1010
401 1167
401 1952
402 1953
402 1846
402 1482
402 752
402 1443
403 1954
403 1955
403 735
403 849
403 1956
403 578
403 1957
403 563
403 1958
403 1010
403 1959
403 1960
404 1931
404 564
404 795
404 805
404 471
404 1961
404 481
404 807
404 234
404 489
404 401
405 1962
405 1963
405 1964
405 100
405 1492
405 1285
405 800
405 1965
405 240
405 1181
405 1941
405 1057
405 361
405 347
405 357
405 420
406 566
406 1966
406 1967
406 565
406 1968
407 1167
407 1969
407 433
407 1970
407 1793
408 1828
408 1316
408 696
408 1359
408 899
408 1971
408 1048
408 21
408 239
408 133
408 296
408 62
408 1053
409 1485
409 1972
409 1973
409 1974
409 1975
409 1976
409 1977
409 1978
409 1979
409 1980
409 1981
409 552
409 1982
409 1983
409 1984
409 1985
410 86
410 807
410 1183
410 42
410 139
411 1364
411 793
411 582
411 766
411 1867
411 269
411 1986
411 1987
411 1988
412 3
412 899
412 193
412 352
412 24
413 850
413 1492
413 921
413 421
413 689
414 1989
414 342
414 1143
414 1643
414 1824
414 542
415 1222
415 151
415 245
415 389
415 136
416 703
416 125
416 430
416 517
416 1949
417 522
417 892
417 82
417 1128
417 87
417 1249
417 1990
417 192
417 58
417 688
417 626
417 1991
418 1930
418 579
418 1992
418 1171
418 1173
419 195
419 556
419 401
419 707
419 532
419 1047
419 747
420 1854
420 844
420 807
420 236
420 191
420 1993
420 662
420 746
420 556
421 1
421 476
421 574
421 230
421 553
421 236
421 317
422 1929
422 1994
422 768
422 1846
422 1995
422 1590
422 1010
422 1930
423 1416
423 1996
423 1997
423 1967
423 1441
423 1442
423 1167
423 564
423 1998
424 1538
424 1478
424 847
424 137
424 422
424 370
424 592
424 507
425 1299
425 1999
425 582
425 633
425 2000
425 1540
425 406
425 1445
425 2001
425 535
425 1624
425 920
425 167
425 742
425 263
425 177
425 2002
425 292
425 899
425 1288
425 480
425 1200
425 1202
425 295
425 104
425 845
425 773
425 485
425 103
425 1046
425 1704
425 852
425 1989
425 800
425 490
425 1800
425 700
426 1300
426 2003
426 170
426 2004
426 726
426 2005
427 16
427 1241
427 2006
427 1133
427 2007
427 677
427 353
427 318
427 2008
428 1121
428 72
428 2009
428 395
428 1521
428 1923
428 721
428 797
428 1178
428 2010
428 2011
428 263
429 1872
429 2012
429 2013
429 2014
429 259
429 2015
430 1217
430 4
430 297
430 1285
430 1073
430 1226
431 587
431 1218
431 326
431 656
431 335
431 722
431 132
431 133
431 370
432 627
432 2016
432 649
432 638
432 2017
432 471
432 925
432 221
432 1827
432 1906
432 95
433 1907
433 1136
433 720
433 1731
433 1417
433 786
433 1932
433 1444
433 793
434 1867
434 569
434 1241
434 80
434 834
434 262
435 671
435 1919
435 2018
435 930
435 735
435 1214
435 647
435 2019
435 84
435 167
435 673
435 221
435 1138
435 1322
435 407
435 92
435 100
435 1249
435 94
435 341
435 773
435 1073
435 823
435 494
435 538
436 2018
436 16
436 1193
436 644
436 1242
436 77
436 2020
436 2020
436 736
436 1253
436 1043
437 2021
437 1172
437 1690
437 1701
437 466
437 636
437 1253
437 802
438 2022
438 2023
438 2024
438 1395
438 2025
438 2026
438 2022
438 2023
438 2024
438 1395
438 2025
438 2026
439 2027
439 2028
439 2029
439 2030
439 2031
440 258
440 2032
440 2033
440 409
440 133
440 363
440 532
440 707
440 386
440 1881
441 198
441 1879
441 1252
441 2034
441 567
441 2035
442 540
442 541
442 1522
442 790
442 149
443 727
443 121
443 506
443 839
443 2036
443 719
443 38
443 1131
444 2037
444 1929
444 1995
444 1731
444 1237
445 582
445 1691
445 1364
445 269
445 1471
446 2038
446 755
446 361
446 2039
446 249
446 374
446 123
446 1059
447 695
447 758
447 989
447 28
447 2040
447 323
448 2041
448 2042
448 2043
448 2044
448 2045
449 1474
449 1604
449 90
449 1606
449 1142
449 2002
449 189
450 1160
450 2046
450 2047
450 562
450 2048
451 1099
451 1844
451 567
451 793
451 2049
451 2050
451 2051
451 770
451 2052
452 798
452 773
452 2053
452 707
452 934
452 408
452 133
452 133
452 808
452 634
452 136
452 389
452 154
453 92
453 1220
453 94
453 332
453 103
453 584
453 240
453 1991
453 989
454 1288
454 1989
454 1020
454 1164
454 2054
454 1143
454 387
455 1093
455 970
455 209
455 1053
455 1380
456 53
456 606
456 1200
456 429
456 1256
456 2055
456 2056
457 1180
457 1351
457 701
457 2057
457 2058
458 400
458 2059
458 2060
458 355
458 1381
458 359
458 421
458 1055
458 429
458 608
458 415
459 1296
459 2061
459 571
459 466
459 782
459 2062
459 1950
459 1721
459 674
459 1658
459 755
459 1221
459 140
459 1249
459 56
459 194
459 1991
459 357
459 1380
459 989
460 1935
460 1623
460 237
460 235
460 1320
460 133
460 387
461 768
461 2063
461 644
461 1690
461 2064
462 2065
462 2060
462 2066
462 1839
462 1227
462 117
463 2067
463 1213
463 890
463 104
463 1180
464 2068
464 609
464 1881
464 1103
464 494
464 7
464 1149
464 900
464 134
464 776
464 2069
464 971
464 387
465 1963
465 2070
465 925
465 696
465 844
465 1144
465 530
465 2071
465 1839
466 890
466 86
466 224
466 637
466 338
466 104
466 2072
466 485
466 237
466 132
466 234
466 490
466 493
466 1800
466 1991
466 989
467 587
467 1602
467 1062
467 2073
467 1139
467 844
467 113
468 2074
468 1249
468 2075
468 57
468 2076
468 705
468 490
468 726
468 2077
468 776
468 420
468 2078
469 1470
469 1245
469 756
469 1133
469 2079
470 1959
470 266
470 587
470 587
470 1417
470 2080
470 643
470 1241
470 2020
470 2020
471 2018
471 16
471 2021
471 324
471 834
472 15
472 16
472 2020
472 662
472 1150
472 921
472 1351
472 532
472 971
473 1900
473 477
473 479
473 481
473 1286
473 1832
473 155
473 151
474 2081
474 1825
474 484
474 584
474 386
475 595
475 2082
475 653
475 723
475 608
476 407
476 1175
476 696
476 2083
476 1243
476 1358
476 1828
476 1199
476 722
476 659
476 2007
476 482
476 1611
476 1359
476 142
476 1148
476 1898
476 2084
476 281
476 2085
476 109
476 298
476 698
476 1971
476 705
476 623
476 662
476 119
476 1050
476 492
477 1919
477 672
477 2086
477 1125
477 73
478 416
478 1250
478 490
478 1054
478 1538
478 1149
478 776
479 115
479 1181
479 490
479 624
479 401
479 1800
479 2087
479 626
479 1182
479 1103
479 700
479 1380
480 2088
480 2089
480 797
480 113
480 2087
480 1134
480 855
481 1806
481 2090
481 804
481 805
481 2091
481 2092
482 2093
482 463
482 118
482 719
482 251
483 1631
483 1162
483 1163
483 466
483 736
483 2094
483 1601
483 2095
484 1799
484 776
484 2069
484 2096
484 2097
484 1149
485 2098
485 2099
485 2100
485 1341
485 2101
485 2102
486 1964
486 1935
486 332
486 1202
486 485
486 700
486 971
487 1205
487 988
487 2103
487 999
487 855
488 2104
488 2105
488 2106
488 1344
488 2107
488 2108
488 474
488 588
488 540
488 1739
488 602
488 2109
488 2110
488 58
488 2111
488 852
488 2112
488 660
488 2113
488 688
488 143
488 346
488 117
488 347
488 401
488 1881
488 25
488 7
489 535
489 53
489 1227
489 1183
489 2091
490 2075
490 1366
490 1413
490 1518
490 1319
490 921
490 2114
490 625
490 2115
490 485
490 1246
490 2008
491 757
491 1285
491 1542
491 2116
491 1073
491 533
491 2091
491 989
492 1739
492 757
492 625
492 1073
492 526
492 1286
492 232
492 1736
492 233
492 1247
493 2117
493 2118
493 2119
493 1864
493 2120
493 2121
494 2122
494 2123
494 1204
494 402
494 465
495 183
495 735
495 1921
495 1167
495 1167
495 2124
495 2125
495 2126
496 1071
496 532
496 492
496 823
496 2008
497 2127
497 1136
497 2128
497 580
497 1170
497 1171
497 1173
498 1731
498 1444
498 587
498 781
498 1170
499 201
499 2129
499 705
499 625
499 1381
499 1149
499 2130
500 2131
500 1166
500 1449
500 632
500 2127
501 992
501 2132
501 997
501 2133
501 2134
502 2131
502 2135
502 1653
502 2136
502 1845
502 2137
503 94
503 532
503 1093
503 1612
503 1047
504 678
504 491
504 590
504 900
504 1149
504 247
505 1880
505 266
505 582
505 259
505 2138
505 400
505 53
505 104
505 2139
505 2140
505 1324
505 298
505 584
505 1735
505 527
505 408
505 609
505 1911
505 605
505 494
505 1165
505 1229
506 1928
506 2141
506 1440
506 1919
506 2086
507 557
507 1879
507 2034
507 562
507 788
507 2142
508 444
508 2143
508 2144
508 1970
508 2145
509 541
509 2146
509 2147
509 790
509 818
509 2148
509 2109
509 2149
509 1258
509 2150
509 584
509 2068
509 2097
509 1736
509 401
509 1799
509 2151
509 2152
510 647
510 332
510 1739
510 688
510 388
510 538
510 416
510 2153
510 1829
511 1237
511 1934
511 1539
511 2019
511 673
511 920
511 1925
511 1798
511 241
511 387
511 1656
511 2154
512 61
512 1050
512 421
512 209
512 776
513 1933
513 562
513 1192
513 788
513 1930
514 2155
514 2156
514 1300
514 405
514 2157
514 1701
515 2158
515 198
515 2159
515 1169
515 1731
515 924
515 1136
515 753
515 1417
515 1999
515 1099
515 1920
515 2160
515 2161
515 786
515 1122
516 735
516 2162
516 198
516 1956
516 1848
516 729
517 1631
517 1167
517 1167
517 685
517 1443
517 1237
517 1930
518 1845
518 752
518 1450
518 1168
518 1167
519 2163
519 2164
519 2165
519 2166
519 2167
520 2168
520 2169
520 1617
520 2170
520 2171
520 2172
520 2173
521 2174
521 2175
521 2176
521 2177
521 2178
522 199
522 215
522 892
522 1927
522 850
523 1933
523 563
523 1121
523 2061
523 793
523 73
523 2179
524 329
524 2180
524 2181
524 2182
524 2183
525 2184
525 2185
525 2186
525 2187
525 2188
525 2189
525 286
526 204
526 1068
526 1621
526 1397
526 983
527 1498
527 1496
527 2190
527 2191
527 2192
528 2193
528 2194
528 1683
528 2195
528 2196
529 1796
529 1983
529 2197
529 2198
529 2195
530 2199
530 2200
530 2201
530 2199
530 2200
530 2201
531 2202
531 2203
531 2204
531 1336
531 2205
531 2206
531 2207
531 2208
532 2209
532 2210
532 2211
532 2212
532 2213
533 2214
533 2215
533 959
533 2216
533 2217
534 2218
534 2138
534 1224
534 490
534 737
534 757
534 661
534 1286
534 1180
534 409
534 119
534 533
534 1800
534 134
534 63
535 2219
535 2220
535 2221
535 2222
535 2223
536 2224
536 2225
536 2226
536 2227
536 2228
537 2229
537 2230
537 1456
537 2231
537 2232
538 2233
538 2234
538 2235
538 2236
538 2237
538 2238
539 2169
539 2239
539 2240
539 937
539 204
540 2241
540 2242
540 520
540 2243
540 669
541 2244
541 2245
541 2246
541 419
541 2247
541 2248
542 1191
542 568
542 1897
542 72
542 735
542 324
543 2249
543 2250
543 2251
543 1786
543 870
543 2252
544 1919
544 567
544 632
544 1836
544 1213
545 2253
545 1653
545 51
545 735
545 1929
545 447
545 2254
546 2255
546 2256
546 2257
546 2258
546 2259
547 2168
547 1305
547 1082
547 1942
547 1784
547 2260
548 2261
548 2262
548 2263
548 2264
548 964
548 2265
548 2266
548 1031
549 2267
549 1785
549 2268
549 2252
549 1557
550 2269
550 2270
550 2271
550 1557
550 1082
550 1945
551 1875
551 2272
551 2273
551 1404
551 1752
552 2274
552 2275
552 2276
552 2277
552 2278
553 901
553 2219
553 2279
553 901
553 2219
553 2279
554 2280
554 2281
554 2282
554 2283
554 2284
555 2285
555 2286
555 2287
555 2282
555 2288
555 2289
556 372
556 2290
556 2291
556 2292
556 2293
557 1922
557 2294
557 2133
557 2295
557 998
558 2296
558 1944
558 2297
558 958
558 49
558 50
559 1020
559 2298
559 2299
559 2300
559 2301
559 2302
559 2303
559 2304
560 1713
560 519
560 1082
560 520
560 2305
561 2306
561 2307
561 2308
561 2309
561 2310
561 2311
561 2185
561 2312
561 2313
562 2314
562 2315
562 2316
562 2317
562 1645
563 1784
563 882
563 1082
563 2318
563 1784
563 882
563 1082
563 2318
564 2319
564 2320
564 2321
564 2322
564 2323
564 2317
565 2324
565 2325
565 2326
565 2327
565 2328
566 2329
566 2330
566 2331
566 2332
566 1022
567 1952
567 1164
567 746
567 386
567 136
567 359
567 389
567 591
567 2333
568 1556
568 577
568 2334
568 2335
568 2336
568 2337
568 1564
569 2338
569 2339
569 2340
569 2341
569 2342
569 2343
570 172
570 656
570 773
570 700
570 63
570 2344
570 424
571 2345
571 2346
572 2347
572 164
572 2348
572 2349
572 2350
573 183
573 1192
573 768
573 184
573 405
573 2351
573 2352
573 2353
574 2354
574 2355
574 1982
574 1294
574 1762
574 204
574 2356
574 1400
574 2357
575 2358
575 655
575 473
575 679
575 54
575 2083
575 1828
575 480
575 109
575 298
575 107
575 297
575 1164
575 852
575 486
575 1204
575 623
575 757
575 1285
575 488
575 296
575 1839
575 2129
575 532
575 493
575 1246
575 386
575 1053
575 358
575 361
575 640
575 389
575 1247
575 585
575 64
575 367
575 137
575 847
575 210
575 30
575 373
575 2359
575 2360
575 748
575 300
575 370
575 377
575 301
575 690
575 501
575 619
575 708
575 498
575 681
575 34
575 691
575 124
575 372
575 2040
576 2361
576 854
576 135
576 210
576 162
576 251
577 2362
577 2363
577 824
577 2364
577 2365
577 2366
577 2367
577 2368
577 2369
578 472
578 148
578 538
578 210
578 374
579 2370
579 2371
579 2372
579 1082
579 1310
580 1201
580 149
580 245
580 1183
580 134
580 2373
580 2374
580 825
581 2375
581 2376
581 2377
581 2378
581 2379
582 2021
582 730
582 1242
582 1606
582 817
582 445
582 108
582 589
582 59
582 662
582 1612
582 1050
582 367
582 608
582 1247
582 723
582 370
582 127
582 374
582 125
582 42
582 394
582 1124
582 1676
583 516
583 517
583 127
583 2380
583 2335
584 1793
584 256
584 797
584 2381
584 2382
584 4
584 2383
584 224
584 540
584 538
584 852
584 1158
584 196
584 2056
584 361
584 1881
584 1251
584 1478
584 246
584 420
584 19
584 248
584 2384
584 839
585 769
585 1830
585 1964
585 1045
585 21
585 328
585 19
585 150
585 1484
585 349
585 1317
585 502
586 103
586 2385
586 2386
586 2387
586 2388
586 2389
586 2390
586 2391
587 1058
587 426
587 305
587 504
587 68
587 12
588 2392
588 2393
588 2394
588 2395
588 2396
588 2397
589 53
589 2066
589 677
589 210
589 210
590 1650
590 2086
590 1845
590 565
590 1732
591 1242
591 627
591 731
591 2062
591 430
592 1237
592 643
592 2032
592 633
592 268
592 522
592 1445
592 168
592 214
592 721
592 82
592 172
592 953
592 673
592 2398
592 925
592 2399
592 2400
592 2401
592 335
592 294
592 54
592 1222
592 5
592 334
592 105
592 340
592 2402
592 1048
592 852
592 757
592 283
592 1049
592 1643
592 625
592 1286
592 1491
592 220
592 1225
592 853
592 746
592 2066
592 1612
592 117
592 1351
592 821
592 758
592 401
592 62
592 1093
592 328
592 823
592 386
592 1230
593 591
593 2403
593 430
593 125
593 635
594 1367
594 2404
594 2405
594 2406
594 2407
594 2408
594 436
595 1730
595 1173
595 953
595 86
595 1927
595 82
595 1863
595 1217
595 1324
595 2123
595 421
595 1965
595 248
595 584
595 1093
595 209
595 1051
595 389
595 364
595 320
595 319
595 723
595 249
595 2289
595 366
595 708
595 306
595 2036
596 1992
596 2085
596 1073
596 526
596 532
596 1047
596 137
596 158
596 138
596 723
596 31
596 121
596 708
596 123
596 894
596 2036
597 1518
597 1226
597 492
597 689
597 42
597 39
597 394
597 2409
598 2037
598 74
598 73
598 324
598 1521
598 1043
598 2410
598 783
598 1133
598 1249
598 22
598 853
598 922
598 424
598 514
598 693
598 69
598 128
599 2411
599 1737
599 1344
599 743
599 486
599 1741
599 355
599 1073
599 119
599 1247
599 1478
599 822
599 2412
599 26
599 124
600 2413
600 489
600 353
600 28
600 2250
600 520
601 172
601 316
601 744
601 429
601 506
601 592
602 2414
602 2415
602 2416
602 2417
602 2418
603 791
603 332
603 58
603 1182
603 1941
603 421
603 2419
604 851
604 525
604 1791
604 813
604 735
604 258
604 260
604 2002
604 758
604 64
604 388
604 249
604 1176
604 65
604 847
604 373
604 160
605 1474
605 2420
605 584
605 1798
605 677
605 1151
605 723
605 2036
605 592
606 54
606 545
606 2421
606 2422
606 2423
606 667
607 469
607 837
607 481
607 338
607 1924
607 241
607 245
607 347
607 360
607 150
607 151
607 364
607 498
607 162
607 330
607 839
608 216
608 19
608 52
608 679
608 899
608 282
608 2424
608 2425
608 970
608 1053
608 28
608 156
608 713
608 124
608 378
608 379
608 402
608 162
608 717
608 252
608 704
608 591
609 2426
609 2427
609 1836
609 756
609 445
609 773
609 706
609 2060
609 2428
610 2131
610 276
610 799
610 53
610 1828
610 1199
610 55
610 2033
610 1917
610 132
610 677
610 538
611 217
611 754
611 989
611 381
611 2429
611 2208
611 2430
611 1803
612 1195
612 105
612 2036
612 1769
612 2431
613 89
613 175
613 133
613 236
613 234
614 592
614 1030
614 10
614 928
614 2432
615 672
615 1995
615 1161
615 843
615 844
615 134
615 127
615 66
615 43
615 810
615 631
616 791
616 570
616 930
616 2433
616 2434
616 78
616 1963
616 798
616 573
616 472
616 815
616 789
616 1200
616 2435
616 295
616 844
616 57
616 344
616 767
616 1182
616 62
616 495
616 364
616 585
616 463
616 847
616 28
616 249
616 496
616 525
616 299
616 618
616 156
616 612
616 157
616 300
616 410
616 713
616 2436
616 163
616 500
616 927
617 696
617 335
617 234
617 152
617 2114
617 463
617 927
618 787
618 782
618 467
618 1470
618 2016
618 1141
618 471
618 332
618 927
619 1237
619 1301
619 2012
619 1194
619 636
619 1863
619 2437
619 2438
619 851
619 2007
619 355
619 1826
619 429
619 137
619 138
619 29
619 65
619 717
619 397
619 500
619 825
619 901
619 592
619 2439
620 104
620 136
620 154
620 363
620 210
621 1936
621 2440
621 144
621 389
621 11
621 125
622 850
622 62
622 727
622 138
622 250
622 1059
622 1238
622 2441
623 1518
623 59
623 533
623 613
623 11
624 73
624 627
624 2410
624 650
624 700
624 727
624 446
624 11
625 643
625 268
625 890
625 2019
625 2442
625 657
625 54
625 837
625 109
625 921
625 1182
625 137
625 391
626 824
626 2443
626 380
626 372
626 381
626 2444
626 955
626 251
626 749
626 927
627 2074
627 2075
627 584
627 775
627 1250
627 197
627 27
627 416
627 847
627 749
628 1135
628 2035
628 1624
628 1830
628 2445
628 2010
628 1703
628 573
628 755
628 1216
628 1358
628 407
628 1175
628 1062
628 2083
628 476
628 696
628 704
629 2446
629 2074
629 723
629 2447
629 128
629 1112
630 123
630 397
630 127
630 38
630 516
630 511
630 751
631 2424
631 134
631 498
631 750
631 43
631 394
631 213
632 2434
632 1867
632 2095
632 2062
632 1471
632 259
632 596
632 2138
632 2002
632 1909
632 1133
632 2140
632 1522
632 623
632 59
632 1180
632 24
632 1911
632 420
632 320
632 429
632 210
632 613
632 2448
632 372
632 381
632 2449
633 2450
633 2451
633 2452
633 2453
633 2454
634 1010
634 2427
634 147
634 2455
634 2456
634 909
635 1166
635 1880
635 1298
635 2457
635 2458
636 741
636 805
636 803
636 193
636 575
637 557
637 685
637 186
637 473
637 2459
637 104
637 2460
637 622
637 485
637 970
637 1415
637 195
637 24
637 496
637 618
637 619
638 477
638 481
638 480
638 231
638 1048
638 584
638 283
638 22
638 1917
638 1050
638 1256
638 1149
638 248
638 847
638 2461
638 391
638 371
638 2462
638 2463
638 1131
638 431
638 2464
639 476
639 481
639 615
639 2465
639 691
639 33
639 692
639 738
639 70
639 39
639 2466
639 779
640 2467
640 2468
640 2469
640 2470
640 2471
640 2472
641 1769
641 2473
641 2474
641 2475
641 315
641 1311
641 1785
642 1650
642 2476
642 711
642 2155
642 1191
643 2477
643 1577
643 2478
643 2479
643 2480
644 2481
644 2482
644 2483
644 2252
644 963
645 232
645 2484
645 2485
645 2486
645 2487
646 2488
646 2489
646 2490
646 2491
646 2492
647 2489
647 2493
647 2494
647 2495
647 2496
648 247
648 362
648 387
648 2497
648 2498
648 2499
649 2500
649 1397
649 2501
649 2273
649 2502
650 2351
650 1253
650 270
650 1044
650 1477
650 273
650 2014
650 2442
651 2503
651 2504
651 1957
651 2505
651 1845
651 1441
651 752
652 564
652 1931
652 1966
652 2048
652 632
652 1298
653 2506
653 2507
653 2508
653 2509
653 2510
654 2353
654 2106
654 2511
654 2383
654 2139
655 2512
655 2513
655 2514
655 1572
655 2515
655 2516
656 2517
656 1305
656 2260
656 2518
656 2519
657 2520
657 1955
657 1848
657 919
657 642
658 2521
658 2522
658 2523
658 2524
658 2525
659 1136
659 793
659 930
659 199
659 1123
659 268
659 2007
659 475
659 1899
659 145
659 355
659 463
659 2526
659 381
660 2527
660 2528
660 2529
660 1305
660 2260
660 2518
661 2530
661 2531
661 2532
661 1448
661 2533
662 2534
662 2535
662 2536
662 2537
662 2538
662 2539
662 2540
663 2541
663 2542
663 2543
663 2544
663 2545
663 2546
664 1380
664 494
664 1055
664 1054
664 689
664 1149
664 1799
664 1247
664 1478
664 2547
664 2548
665 77
665 796
665 572
665 1935
665 926
665 1139
665 1072
665 22
665 921
665 1491
665 1381
665 1227
665 1228
665 707
665 421
665 971
665 136
665 1053
666 731
666 736
666 1483
666 1625
666 1133
666 361
667 1020
667 317
667 677
667 821
667 528
668 2122
668 725
668 532
668 1250
668 364
668 359
668 751
668 10
669 2048
669 686
669 270
669 1986
669 920
669 1827
669 104
670 1167
670 1201
670 24
670 355
670 1381
670 211
670 1060
671 890
671 2549
671 388
671 844
671 67
671 750
671 11
671 1030
672 2550
672 37
672 302
672 1058
672 253
672 1131
672 2551
673 2424
673 2552
673 2553
673 2554
673 2555
673 2556
674 2137
674 2557
674 587
674 1169
674 1136
674 770
674 582
674 1170
674 270
674 686
674 267
674 647
674 272
674 2095
674 80
674 1284
674 273
674 721
674 2001
674 2010
674 493
675 2558
675 759
675 1042
675 452
675 1310
675 2559
676 795
676 480
676 295
676 1164
676 1989
676 1048
676 486
676 1101
676 1971
676 527
676 247
677 2560
677 1320
677 319
677 365
677 197
677 249
677 616
677 370
677 708
677 498
677 425
677 955
677 251
677 716
677 2561
678 2562
678 1233
678 2276
678 2563
678 982
678 2564
678 1985
679 1631
679 2157
679 413
679 187
679 799
679 673
679 1055
679 1538
679 689
679 1247
679 2565
680 348
680 1049
680 327
680 615
680 834
680 1936
680 272
680 18
680 83
680 1947
680 336
680 1257
680 1051
680 196
680 357
680 358
680 1226
680 143
680 328
680 463
680 1381
680 25
680 321
680 302
680 366
680 26
680 723
681 1441
681 1193
681 168
681 1470
681 223
681 113
681 1736
681 747
681 319
681 901
682 1691
682 2566
682 2567
682 2568
682 2569
682 2570
682 2571
682 2572
682 2573
682 2574
682 2575
683 2576
683 2577
683 2578
683 1019
683 1389
683 2579
683 192
683 2580
683 1021
683 2581
683 2582
683 2583
683 2584
683 2585
683 2586
683 2587
683 2588
683 2589
684 75
684 643
684 138
684 533
684 1251
685 1226
685 2116
685 664
685 617
685 2590
685 2129
685 2077
685 822
685 209
685 421
685 1055
685 2591
686 2592
686 1589
686 1440
686 2426
686 791
686 768
686 1441
686 72
686 1865
686 2351
686 324
686 647
686 2006
686 1174
686 187
686 1628
686 2593
686 2594
686 170
686 215
686 1605
686 653
686 2070
686 2074
686 1609
686 789
686 1128
686 1199
686 2595
686 1739
686 1200
686 1202
686 101
686 1139
686 285
686 483
686 926
199 1331
199 1332
199 967
199 978
687 2596
687 2597
687 2598
687 2599
687 2600
687 2601
688 2602
688 2224
688 2603
688 1718
688 1331
689 2604
689 2605
689 1008
689 1082
689 2606
689 883
689 2024
690 1519
690 2476
690 1928
690 2037
690 849
690 1192
691 2607
691 2608
691 2125
691 2126
691 2609
692 1364
692 2079
692 807
692 1612
692 1247
693 1831
693 2610
693 2611
693 2612
693 2613
694 315
694 1395
694 2614
694 2615
694 1306
694 1042
695 676
695 2616
695 538
695 2617
695 134
696 636
696 55
696 2007
696 1143
696 1971
696 1612
696 359
696 363
697 2618
697 519
697 2619
697 2169
697 2620
697 2621
698 2402
698 20
698 346
698 232
698 2622
698 151
698 150
699 2623
699 2624
699 2625
699 2524
699 2272
699 1007
699 1621
699 1397
700 770
700 258
700 1765
700 1732
700 582
700 735
700 2000
700 1540
700 2626
701 2627
701 2628
701 2629
701 2630
701 2631
702 685
702 2632
702 1791
702 2633
702 2634
703 2635
703 2636
703 2635
703 2636
703 2635
703 2636
704 2112
704 2637
704 553
704 1101
704 530
704 678
704 746
704 327
704 2071
704 2097
704 609
704 1799
704 401
704 822
704 1991
704 1129
704 989
704 1538
704 776
705 2638
705 2157
705 268
705 2434
705 2095
706 2639
706 2640
706 2641
706 2227
706 2642
706 1708
707 2067
707 1122
707 1732
707 2021
707 77
708 2632
708 1443
708 794
708 786
708 2643
708 2644
709 2645
709 2646
709 2647
709 2186
709 2648
709 2649
710 2609
710 2650
710 2651
710 2652
710 2331
710 2653
711 1296
711 1730
711 563
711 642
711 1889
711 2061
711 2060
711 1381
712 2654
712 2655
712 2656
712 2657
712 2658
713 2659
713 2660
713 2451
713 2317
713 2661
714 2662
714 1136
714 2067
714 2051
714 1170
714 2663
715 91
715 2090
715 804
715 805
715 2402
715 604
715 391
716 2664
716 2665
716 2177
716 2666
716 2667
717 2668
717 2669
717 1557
717 2670
717 2671
718 2672
718 2673
718 2672
718 2673
718 2672
718 2673
719 720
719 2632
719 571
719 2674
719 1588
720 2675
720 2676
720 1442
720 1931
720 2677
720 566
720 2018
720 587
721 2678
721 557
721 1955
721 2679
721 1296
721 1729
721 564
721 1931
721 1167
721 1167
721 1167
721 2680
722 472
722 817
722 224
722 336
722 343
722 1543
723 1896
723 2677
723 2063
723 2681
723 2682
724 1731
724 1417
724 2683
724 2050
724 2684
725 2685
725 2686
725 2687
725 2685
725 2686
725 2687
726 714
726 718
726 704
726 430
726 1030
727 2688
727 2689
727 2690
727 2691
727 2692
727 2693
727 1715
728 347
728 89
728 235
728 346
728 143
728 902
728 809
729 704
729 2694
729 2031
729 2695
729 2696
730 2697
730 315
730 2698
730 2699
730 2700
731 1622
731 266
731 75
731 1732
731 633
731 1445
731 522
732 2701
732 2702
732 2703
732 2704
732 2705
732 2706
733 2061
733 636
733 2016
733 953
733 815
733 291
733 333
733 103
733 852
733 445
733 1965
733 1971
733 1073
734 567
734 1010
734 2127
734 587
734 1168
734 2707
734 2160
734 780
735 2708
735 949
735 2709
735 204
735 2710
735 1260
735 2169
735 2711
735 2712
735 2713
735 1397
735 2714
735 2715
735 2716
735 1009
735 2717
736 1048
736 2718
736 553
736 114
736 1285
736 625
736 1055
736 1149
736 387
737 1020
737 102
737 2719
737 1832
737 601
737 1378
737 108
737 2109
737 622
737 57
737 678
737 1740
737 1543
737 2720
737 2068
737 556
737 2115
737 354
737 1493
737 1800
737 265
737 24
737 1741
737 1912
737 775
737 2097
737 2721
737 355
737 361
737 386
737 2590
737 1478
737 2152
737 1020
737 102
737 2719
737 1832
737 601
737 1378
737 108
737 2109
737 622
737 57
737 678
737 1740
737 1543
737 2720
737 2068
737 556
737 2115
737 354
737 1493
737 1800
737 265
737 24
737 1741
737 1912
737 775
737 2097
737 2721
737 355
737 361
737 386
737 2590
737 1478
737 2152
738 815
738 1378
738 488
738 57
738 2076
738 486
738 1285
738 2722
738 387
738 247
739 168
739 276
739 89
739 188
739 1360
739 61
739 1051
740 183
740 1653
740 2677
740 1896
740 587
740 580
740 266
740 569
740 2723
741 1160
741 2253
741 433
741 2046
741 1482
741 579
741 1444
741 1417
741 2681
741 2723
741 2684
741 1907
741 930
741 406
741 272
741 1867
741 2006
741 270
741 1601
741 1474
741 2724
741 468
741 782
741 1936
741 186
741 594
741 898
741 596
741 953
741 1141
741 799
741 652
741 925
741 1738
741 472
741 2725
741 400
741 598
741 2726
741 336
741 2727
741 540
741 1625
741 2728
741 474
741 1199
741 100
741 1245
741 4
741 332
741 2729
741 899
741 1492
741 333
741 541
741 298
741 2730
741 852
741 622
741 293
741 344
741 1632
741 584
741 1893
741 2066
741 2731
741 1227
741 24
742 2732
742 2733
742 2190
742 2734
742 2735
743 183
743 1994
743 2736
743 266
743 687
743 2070
743 1604
743 294
744 752
744 2051
744 2737
744 2738
744 2000
745 253
745 514
745 751
745 394
745 2739
746 2740
746 1862
746 109
746 57
746 364
746 1522
747 2021
747 2741
747 2742
747 2743
747 2744
747 1373
747 2745
748 2746
748 2368
748 1336
748 2746
748 2368
748 1336
749 2747
749 2748
749 2713
749 2239
749 1397
750 2749
750 2750
750 2751
750 2752
750 2753
751 1169
751 2754
751 2755
751 2756
751 2757
752 2758
752 2759
752 2760
752 2761
752 2762
753 1999
753 827
753 1287
753 2095
753 1601
753 2763
754 2764
754 2765
754 2764
754 2765
754 2764
754 2765
755 2766
755 2208
755 2767
755 2766
755 2208
755 2767
756 2252
756 2671
756 2768
756 870
756 2769
756 2770
756 2771
757 1600
757 76
757 1601
757 1602
757 1592
757 1603
757 797
757 1604
757 1605
757 1606
757 1607
757 1608
757 221
757 1045
757 276
757 524
757 595
757 649
757 1202
757 1609
757 988
757 1610
757 925
757 541
757 345
757 1611
757 1288
757 285
757 222
757 142
757 698
757 818
757 1049
757 1612
757 678
758 1250
758 1381
758 1129
758 776
758 1538
758 971
758 429
759 879
759 962
759 2772
759 2773
759 315
759 2774
759 2775
760 587
760 2122
760 686
760 1194
760 721
760 2001
760 81
760 1555
760 2776
760 925
760 225
760 1828
760 2435
760 1203
760 705
760 316
760 233
760 232
760 297
760 486
760 745
760 2071
760 1048
760 737
760 821
760 488
760 2560
760 1766
760 608
760 664
760 2129
760 1051
760 247
760 1381
760 63
760 27
760 387
761 148
761 1329
761 746
761 361
761 2777
761 533
761 821
761 532
761 689
761 750
761 908
761 11
761 2778
762 2779
762 2780
762 54
762 1916
762 445
762 236
762 1993
762 838
762 1971
762 220
762 133
762 133
762 726
762 355
762 210
762 1733
762 2781
762 2782
762 2783
763 2139
763 1632
763 1378
763 485
763 1180
763 119
763 1286
763 624
763 625
763 1228
763 493
763 1800
763 1183
763 134
763 971
763 415
763 414
763 1478
763 495
763 1829
763 2784
763 1152
763 2289
763 371
763 824
763 2785
763 1065
763 1066
763 2360
763 612
763 2448
763 613
763 712
763 378
763 376
763 34
763 124
763 2786
764 83
764 1245
764 347
764 148
764 723
764 28
764 716
765 183
765 1921
765 2662
765 2787
765 71
765 2788
765 794
765 2789
766 258
766 259
766 679
766 1316
766 639
766 339
766 297
766 285
766 341
766 2424
766 317
766 61
766 699
766 62
766 209
766 328
767 2125
767 2723
767 2124
767 1930
767 1970
767 566
767 766
767 1418
767 2790
767 1867
767 2791
767 2792
767 1987
767 2793
767 594
767 2107
767 1624
767 262
767 259
767 596
767 290
767 53
767 336
767 1739
767 334
767 483
767 988
767 20
767 2149
767 589
767 602
767 609
767 2794
767 584
767 1910
767 737
767 2068
767 2721
767 196
767 2795
768 2796
768 183
768 768
768 569
768 1936
768 2381
768 186
768 920
768 83
768 2725
768 891
768 1196
768 655
769 658
769 1139
769 102
769 1365
769 25
770 289
770 2797
770 2798
770 870
770 871
771 2402
771 525
771 157
771 713
771 376
772 1896
772 2061
772 1889
772 170
772 1302
772 94
772 1824
772 297
772 2116
772 1073
772 488
772 970
772 386
772 1329
772 1380
772 494
772 808
772 2799
773 2800
773 1955
773 1416
773 2143
773 2034
773 2801
774 2802
774 2802
774 2802
774 2802
774 2802
775 2803
775 248
775 249
775 330
775 508
775 2804
776 377
776 323
776 839
776 1159
776 1238
777 2805
777 1293
777 1804
777 2806
777 2807
778 2808
778 2809
778 2808
778 2809
778 2808
778 2809
778 2808
778 2809
779 2810
779 2810
779 2810
779 2810
779 2810
780 2811
780 2812
780 2813
780 2811
780 2812
780 2813
781 2814
781 2815
781 2816
781 2814
781 2815
781 2816
782 930
782 134
782 125
782 1030
782 2817
783 1302
783 689
783 65
783 586
783 308
784 2576
784 2580
784 2818
784 2076
784 2819
784 2820
784 2821
784 2822
784 1022
784 2823
784 2824
785 792
785 1895
785 2684
785 787
785 76
785 794
785 2825
786 2399
786 1963
786 274
786 84
786 2826
786 2082
786 187
786 2728
786 52
786 58
786 1288
786 541
786 589
786 1381
786 347
786 1258
786 1230
786 777
786 1380
786 1250
786 247
786 319
786 1165
786 374
787 1650
787 833
787 672
787 1300
787 1167
787 2827
788 558
788 1322
788 1199
788 1993
788 116
788 1227
788 1182
788 1381
788 1306
788 2773
788 2828
788 959
788 960
788 2252
788 2771
788 1557
788 520
789 2829
789 2829
789 2829
789 2829
789 2829
790 2830
790 2831
790 2671
790 2479
790 2769
791 2832
791 2832
791 2832
791 2832
791 2832
791 2832
792 2833
792 1422
792 2834
792 2835
792 2836
793 2837
793 2837
793 2837
793 2837
793 2837
794 2838
794 561
794 2158
794 1653
794 578
795 2839
795 2840
795 2839
795 2840
795 2839
795 2840
796 2841
796 2842
796 2841
796 2842
796 2841
796 2842
796 2841
796 2842
797 2452
797 2452
797 2452
797 2452
797 2452
798 2843
798 328
798 2843
798 328
798 2843
798 328
799 2844
799 2845
799 2846
799 2847
799 2848
800 1932
800 2849
800 2438
800 541
800 209
801 850
801 676
801 819
801 1226
801 507
802 953
802 2850
802 898
802 428
802 809
803 1897
803 72
803 1242
803 781
803 2851
803 2122
804 2037
804 1952
804 1125
804 2032
804 730
804 276
804 2016
804 2437
804 19
804 1604
804 475
804 1828
804 818
804 22
804 22
804 531
804 1924
804 19
804 34
804 35
804 901
805 2849
805 203
805 1900
805 659
805 343
805 409
805 237
805 346
805 347
805 1612
805 148
805 24
805 389
805 136
805 363
805 359
805 402
805 33
805 500
805 510
805 2852
805 1982
806 1897
806 1602
806 969
806 1162
806 1163
806 78
806 2853
806 636
806 82
806 536
807 83
807 1925
807 804
807 850
807 2084
807 109
807 281
807 800
807 726
807 119
807 328
807 1329
808 2854
808 252
808 2855
808 2856
808 2857
809 1843
809 2725
809 1923
809 587
809 2218
809 686
809 2006
809 325
809 1376
809 468
809 217
809 131
809 1863
809 1827
809 2399
809 487
809 52
809 283
809 486
809 488
809 344
809 1258
809 1226
809 1256
809 2858
809 999
809 1743
809 2859
809 1762
810 1482
810 1237
810 1792
810 2128
810 1836
810 569
810 643
810 2021
810 2009
810 647
810 2790
810 1364
810 1867
810 1253
810 267
810 2791
810 81
810 276
810 214
810 524
810 1837
810 259
810 2082
810 649
810 1806
810 595
810 2010
810 1610
810 1629
810 396
810 263
810 1376
810 336
810 1909
810 1243
810 645
810 905
810 1221
810 1324
810 1908
810 229
810 106
810 485
810 553
810 1319
810 231
810 1285
810 1223
810 2860
810 488
810 344
810 2861
810 2622
810 238
810 283
810 1049
810 1320
810 2092
810 145
810 677
810 24
810 625
810 1246
810 626
810 1134
810 420
810 1881
810 617
810 319
810 776
810 2862
810 2863
811 833
811 627
811 2434
811 2410
811 2014
811 1215
811 469
811 651
811 89
811 188
811 53
811 1142
811 1199
811 1201
811 1139
811 104
811 677
811 194
811 244
811 700
811 1244
811 900
811 362
812 2014
812 210
812 210
812 512
812 2864
812 394
812 1582
813 1296
813 1995
813 1959
813 2127
813 2865
814 650
814 85
814 818
814 852
814 486
815 766
815 835
815 1195
815 1987
815 1861
815 679
815 1377
816 524
816 2442
816 1143
816 484
816 926
816 1643
816 553
816 1182
816 1093
816 1484
817 833
817 198
817 1929
817 447
817 2034
817 788
817 2866
817 1846
817 2018
817 1792
817 784
817 1920
818 795
818 650
818 1721
818 2040
818 2867
819 131
819 167
819 1344
819 655
819 19
819 1828
819 816
819 1611
819 6
819 239
819 1941
820 2046
820 2868
820 256
820 1450
820 2124
820 2125
820 1907
820 2080
820 2458
820 2000
820 2126
820 1418
820 2790
820 1867
820 2791
820 1253
820 2724
820 2793
820 802
820 2869
820 2870
820 2106
821 596
821 2871
821 652
821 1475
821 2872
821 2873
821 2727
821 1219
821 772
821 474
821 1893
821 1128
821 2729
821 2146
821 654
821 540
821 588
821 2874
821 332
821 229
821 2595
821 1739
821 988
821 483
821 1360
821 1143
821 2112
821 1543
821 2066
822 720
822 1791
822 1010
822 695
822 468
822 1555
822 185
822 166
822 174
822 2728
822 473
822 224
822 1854
822 94
822 722
822 1900
822 189
822 482
822 142
822 20
822 359
822 1414
822 1415
822 1329
822 361
823 709
823 2875
823 2876
823 709
823 2875
823 2876
823 709
823 2875
823 2876
823 709
823 2875
823 2876
824 814
824 732
824 1900
824 2877
824 837
825 356
825 138
825 613
825 65
825 826
826 2878
826 2878
826 2878
826 2878
826 2878
827 2879
827 2880
827 2881
827 2882
827 2883
827 2884
828 2317
828 981
828 2317
828 981
828 2317
828 981
829 2885
829 2885
829 2885
829 2885
829 2885
829 2885
830 2886
830 1042
830 879
830 2886
830 1042
830 879
831 2887
831 2888
831 668
831 2889
831 2890
831 2891
832 2892
832 2892
832 2892
832 2892
832 2892
833 2893
833 2894
833 2895
833 2896
833 2897
833 2898
834 2899
834 2900
834 2901
834 2902
834 286
835 2903
835 2903
835 2903
835 2903
835 2903
836 872
836 2429
836 1784
836 869
836 2904
837 1127
837 894
837 516
837 928
837 2905
838 1249
838 24
838 249
838 70
838 544
839 380
839 2443
839 11
839 2466
839 254
840 2801
840 142
840 2459
840 2084
840 283
840 705
840 1899
840 488
840 1656
840 1415
840 1414
840 1054
841 1125
841 648
841 172
841 334
841 361
842 1916
842 101
842 480
842 2906
842 1377
842 1378
842 2718
842 297
842 344
842 1048
842 2085
842 553
842 800
842 2076
842 2907
842 488
842 625
842 1286
843 2137
843 565
843 642
843 566
843 184
843 1121
844 2787
844 2908
844 273
844 262
844 473
844 2909
844 1020
844 1798
844 2910
844 1046
844 59
844 2085
844 1632
844 327
844 492
844 1185
844 507
845 569
845 890
845 1863
845 1798
845 241
845 317
845 854
845 150
845 27
845 162
846 638
846 1175
846 336
846 843
846 231
846 1227
846 147
847 1160
847 1167
847 780
847 2458
847 1242
847 1173
848 2675
848 1161
848 16
848 1871
848 930
848 1193
848 1932
848 2427
848 2012
849 94
849 58
849 2911
849 2912
849 2913
850 1191
850 919
850 753
850 1099
850 2676
850 780
850 199
850 2067
850 1122
851 1222
851 2909
851 2072
851 514
851 2914
852 1938
852 535
852 737
852 726
852 119
853 17
853 131
853 203
853 188
853 816
853 475
853 222
853 176
853 476
853 224
853 478
853 477
853 200
853 479
853 637
853 1906
853 481
853 226
853 343
853 1611
853 236
853 232
853 1144
853 757
853 623
853 745
853 1798
853 60
853 235
853 530
853 1832
853 677
853 239
853 317
853 193
853 921
853 2777
853 351
853 24
854 1959
854 1444
854 1690
854 1865
854 2122
854 2915
855 1952
855 186
855 1178
855 83
855 99
855 103
855 2402
856 850
856 225
856 109
856 344
856 1939
856 197
857 784
857 1842
857 76
857 186
857 290
857 3
857 224
857 481
857 2084
857 484
857 1319
857 921
857 235
857 531
857 193
857 533
857 194
857 360
857 498
857 33
858 672
858 834
858 176
858 855
858 615
858 525
858 377
858 391
858 330
858 856
859 1879
859 562
859 784
859 644
859 86
859 78
859 484
859 954
859 83
859 263
859 99
859 52
859 656
859 1323
859 818
859 844
859 338
859 94
859 1200
859 737
859 103
859 60
859 146
859 239
859 194
859 1940
859 494
859 25
860 1933
860 447
860 1166
860 1930
860 1995
860 184
860 1958
860 694
860 2916
860 1125
860 74
860 2088
861 1968
861 2003
861 753
861 1300
861 770
862 735
862 587
862 15
862 16
862 568
862 1889
862 569
862 2003
862 2663
862 1765
862 969
862 730
863 1956
863 1520
863 104
863 133
863 749
864 798
864 1218
864 294
864 54
864 292
864 55
864 525
864 824
864 121
864 560
865 2917
865 1416
865 1443
865 570
865 2051
865 2918
866 2253
866 405
866 1521
866 1253
866 18
866 1135
866 167
866 89
866 1964
866 221
866 1828
866 225
866 2729
866 1916
866 2595
866 926
866 1862
866 1800
866 1899
866 490
866 111
866 233
866 61
866 662
866 1073
866 626
866 388
866 492
866 319
866 1250
867 1830
867 1195
867 573
867 1703
867 1316
867 599
867 1828
867 480
867 1200
867 201
867 1048
867 486
867 280
867 852
867 757
867 1285
867 240
868 919
868 695
868 920
868 921
868 134
868 922
868 122
868 923
869 186
869 1590
869 579
869 258
869 930
870 1417
870 1147
870 55
870 1798
870 106
870 1971
870 240
870 133
871 1214
871 2062
871 186
871 817
871 5
871 807
871 1838
871 208
872 517
872 127
872 42
872 126
872 545
872 2919
873 2736
873 1298
873 792
873 1871
873 2088
873 405
874 291
874 226
874 757
874 486
874 117
874 1415
874 1414
874 852
874 553
874 61
874 2617
874 1049
874 625
874 344
874 1093
874 822
874 1991
874 1183
874 2129
874 1134
874 2060
874 209
874 492
874 1051
874 1055
874 900
874 1054
874 357
874 319
874 429
874 414
874 1149
874 1826
874 1057
874 701
875 1873
875 1170
875 80
875 1592
875 789
875 333
875 2060
876 1016
876 1054
876 1099
876 2106
876 537
876 2096
876 1129
876 2210
876 463
876 1151
876 38
877 1967
877 2003
877 168
877 633
877 2062
877 1628
877 636
878 2920
878 1791
878 1952
878 2921
878 1628
878 171
878 741
878 2437
878 89
878 804
878 656
878 342
878 1203
879 2838
879 561
879 1843
879 768
879 1296
879 1442
879 642
879 1952
879 794
879 2427
880 2922
880 1381
880 2923
880 2684
880 2049
880 199
880 340
880 607
880 601
880 483
880 61
880 2794
880 155
880 2055
880 1228
881 1738
881 925
881 2399
881 2924
881 2002
881 1736
881 826
881 719
882 1836
882 766
882 2400
882 2925
882 1939
882 2803
882 493
882 1256
882 1057
882 19
882 701
882 364
882 429
882 321
882 463
882 410
882 369
882 31
883 71
883 562
883 1930
883 1998
883 565
883 1590
883 1895
884 1592
884 259
884 1195
884 1196
884 2107
884 1413
884 1658
884 2728
884 2726
884 2435
884 1838
884 2076
884 737
884 757
884 490
884 1093
884 777
885 1842
885 1193
885 695
885 1163
885 572
886 473
886 650
886 2926
886 1475
886 2728
886 223
886 806
886 1200
886 658
886 285
886 818
886 2075
886 103
886 109
886 1360
886 1048
886 553
886 344
886 2927
886 319
886 971
886 1054
886 608
887 2622
887 346
887 662
887 243
887 1917
887 1924
887 921
887 239
887 347
887 354
887 148
887 1183
887 151
887 134
888 2458
888 2928
888 1222
888 272
888 655
889 2929
889 2917
889 1653
889 2930
889 1622
889 2677
889 642
889 1889
889 2061
889 266
889 2931
889 1012
889 2018
889 781
889 1842
889 582
889 2427
889 794
889 633
889 969
889 406
890 1138
890 2873
890 2138
890 540
890 1739
890 2729
890 381
891 2794
891 116
891 208
891 2060
891 609
891 2152
891 505
891 1066
892 2932
892 1736
892 2210
892 716
892 629
892 508
893 2933
893 656
893 55
893 194
893 1055
894 273
894 1202
894 1164
894 107
894 1825
894 2934
894 298
894 102
894 103
894 851
894 2002
894 646
894 599
894 2728
895 2935
895 2675
895 2677
895 1896
895 1952
895 587
895 1889
895 2061
895 2936
895 266
895 1417
895 1841
896 269
896 2937
896 1837
896 2082
896 2908
896 273
896 2010
896 260
896 1322
896 263
896 1891
896 851
896 264
896 1492
896 227
896 56
896 480
896 285
896 298
896 484
896 2927
896 1493
896 626
896 2059
896 606
896 319
896 1129
896 971
896 689
896 2938
897 676
897 92
897 754
897 1138
897 2459
897 1288
897 1989
897 2617
897 103
897 1798
897 527
897 2465
898 276
898 2939
898 1071
898 361
898 606
898 1228
898 1247
898 429
898 31
898 2447
898 403
898 2940
899 2445
899 2941
899 2108
899 263
899 2906
899 602
899 1286
899 265
899 119
899 2942
899 1054
899 606
900 736
900 1521
900 1135
900 2062
900 1936
900 2014
900 1260
901 2021
901 2015
901 1196
901 1144
901 1143
901 232
901 1286
902 198
902 2736
902 2943
902 1958
902 793
902 432
903 2935
903 183
903 1843
903 1416
903 2944
903 2156
903 1600
903 2945
903 2946
903 849
903 1956
903 2675
903 752
903 79
903 2127
903 587
903 2947
904 2677
904 1167
904 2948
904 2949
904 2950
905 2124
905 72
905 2458
905 2951
905 2009
906 732
906 103
906 342
906 1254
906 251
906 901
907 2352
907 636
907 2440
907 1144
907 487
907 297
907 706
907 1224
907 662
907 1939
907 624
907 2129
907 319
907 359
907 989
907 347
907 699
907 1612
907 2056
907 421
907 363
908 1889
908 2061
908 1122
908 1765
908 1001
908 164
909 1695
909 912
909 2514
909 2813
909 2246
909 2952
910 2953
910 2954
910 2955
910 2323
910 2956
910 1715
911 2957
911 2958
911 2470
911 917
911 2959
912 2960
912 2960
912 2960
912 2960
912 2960
913 2205
913 2205
913 2205
913 2205
913 2205
914 2961
914 2193
914 2961
914 2193
914 2961
914 2193
914 2961
914 2193
915 2962
915 2478
915 2480
915 2962
915 2478
915 2480
916 2057
916 2057
916 2057
916 2057
916 2057
916 2057
917 2963
917 1068
917 2963
917 1068
917 2963
917 1068
918 2964
918 2965
918 2964
918 2965
918 2964
918 2965
918 2964
918 2965
918 2964
918 2965
919 2966
919 2967
919 2966
919 2967
919 2966
919 2967
919 2966
919 2967
919 2966
919 2967
920 2968
920 2968
920 2968
920 2968
920 2968
921 2969
921 2969
921 2969
921 2969
921 2969
922 2970
922 2970
922 2970
922 2970
922 2970
922 2970
922 2970
922 2970
923 2971
923 2190
923 2971
923 2190
923 2971
923 2190
924 2972
924 2973
924 2972
924 2973
924 2972
924 2973
924 2972
924 2973
925 2974
925 2975
925 2974
925 2975
925 2974
925 2975
926 2976
926 2976
926 2976
926 2976
926 2976
927 2977
927 2977
927 2977
927 2977
927 2977
571 2345
571 2346
571 2345
571 2346
608 216
608 19
608 52
608 679
608 899
608 282
608 2424
608 2425
608 970
608 1053
928 28
928 156
928 713
928 124
928 378
928 379
928 402
928 162
928 717
928 252
928 704
928 591
608 216
608 19
608 52
608 679
608 899
608 282
608 2424
608 2425
608 970
608 1053
928 28
928 156
928 713
928 124
928 378
928 379
928 402
928 162
928 717
928 252
928 704
928 591
929 2978
929 2979
929 2980
929 2978
929 2979
929 2980
930 2981
930 668
930 2891
930 2982
930 2890
931 2983
931 2984
931 2983
931 2984
931 2983
931 2984
932 2985
932 2986
932 2987
932 2988
932 2583
933 2989
933 2537
933 2990
933 2991
933 2539
934 2992
934 2992
934 2992
934 2992
934 2992
935 2993
935 2993
935 2993
935 2993
935 2993
669 2048
669 686
669 270
669 1986
669 920
669 1827
669 104
936 1167
936 1201
936 24
936 355
936 1381
677 2560
677 1320
677 319
677 365
677 197
677 249
677 616
677 370
677 708
677 498
677 425
677 955
677 251
677 716
677 2561
937 1253
937 186
937 356
937 138
937 369
937 301
937 499
937 125
937 635
937 1345
938 2994
938 2994
938 2994
938 2994
938 2994
939 2995
939 2995
939 2995
939 2995
939 2995
940 2996
940 2996
940 2996
940 2996
940 2996
941 2997
941 2997
941 2997
941 2997
941 2997
941 2997
942 2998
942 2998
942 2998
942 2998
942 2998
943 2999
943 3000
943 3001
943 1421
943 3002
944 3003
944 3004
944 3005
944 3006
944 2059
945 3007
945 3007
945 3007
945 3007
945 3007
946 3008
946 3009
946 3008
946 3009
946 3008
946 3009
947 3010
947 3010
947 3010
947 3010
947 3010
948 3011
948 3011
948 3011
948 3011
948 3011
948 3011
948 3011
948 3011
948 3011
948 3011
949 3012
949 3013
949 3012
949 3013
949 3012
949 3013
950 3014
950 3014
950 3014
950 3014
950 3014
950 3014
950 3014
951 3015
951 3015
951 3015
951 3015
951 3015
951 3015
951 3015
952 3016
952 3016
952 3016
952 3016
952 3016
952 3016
952 3016
952 3016
953 3017
953 3018
953 3019
953 3020
953 3021
954 3022
954 3022
954 3022
954 3022
954 3022
955 3023
955 3023
955 3023
955 3023
955 3023
956 595
956 3024
956 595
956 3024
956 595
956 3024
957 1364
957 1364
957 1364
957 1364
957 1364
958 3025
958 3025
958 3025
958 3025
958 3025
959 3026
959 3026
959 3026
959 3026
959 3026
960 751
960 751
960 751
960 751
960 751
961 3027
961 3027
961 3027
961 3027
961 3027
962 3028
962 3028
962 3028
962 3028
962 3028
963 3029
963 3029
963 3029
963 3029
963 3029
963 3029
964 3030
964 3030
964 3030
964 3030
964 3030
964 3030
965 3031
965 3031
965 3031
965 3031
965 3031
965 3031
966 3032
966 3032
966 3032
966 3032
966 3032
967 3033
967 3033
967 3033
967 3033
967 3033
968 3034
968 3034
968 3034
968 3034
968 3034
968 3034
969 3035
969 3035
969 3035
969 3035
969 3035
970 3036
970 3036
970 3036
970 3036
970 3036
970 3036
970 3036
971 2610
971 2610
971 2610
971 2610
971 2610
972 3037
972 3037
972 3037
972 3037
972 3037
973 1294
973 1294
973 1294
973 1294
973 1294
974 3038
974 3038
974 3038
974 3038
974 3038
974 3038
975 3039
975 3039
975 3039
975 3039
975 3039
975 3039
976 2832
976 2832
976 2832
976 2832
976 2832
977 3040
977 3040
977 3040
977 3040
977 3040
977 3040
978 3041
978 3041
978 3041
978 3041
978 3041
979 3042
979 3042
979 3042
979 3042
979 3042
980 1169
980 1169
980 1169
980 1169
980 1169
981 3043
981 3043
981 3043
981 3043
981 3043
981 3043
981 3043
982 3044
982 3044
982 3044
982 3044
982 3044
983 3045
983 3045
983 3045
983 3045
983 3045
983 3045
984 3046
984 3046
984 3046
984 3046
984 3046
984 3046
985 3047
985 3047
985 3047
985 3047
985 3047
986 3048
986 3048
986 3048
986 3048
986 3048
987 3049
987 3049
987 3049
987 3049
987 3049
987 3049
988 3050
988 3050
988 3050
988 3050
988 3050
989 3051
989 3051
989 3051
989 3051
989 3051
990 3052
990 3052
990 3052
990 3052
990 3052
990 3052
990 3052
990 3052
991 3053
991 3054
991 3053
991 3054
991 3053
991 3054
991 3053
991 3054
992 1027
992 1027
992 1027
992 1027
992 1027
993 3055
993 3055
993 3055
993 3055
993 3055
994 3056
994 3056
994 3056
994 3056
994 3056
994 3056
994 3056
995 3057
995 2987
995 3057
995 2987
995 3057
995 2987
995 3057
995 2987
996 3058
996 3058
996 3058
996 3058
996 3058
996 3058
997 3059
997 3059
997 3059
997 3059
997 3059
997 3059
997 3059
998 3060
998 3061
998 3060
998 3061
998 3060
998 3061
999 3062
999 3062
999 3062
999 3062
999 3062
999 3062
1000 1584
1000 1584
1000 1584
1000 1584
1000 1584
1001 3063
1001 3063
1001 3063
1001 3063
1001 3063
1001 3063
1002 3064
1002 3064
1002 3064
1002 3064
1002 3064
1003 3065
1003 3065
1003 3065
1003 3065
1003 3065
1004 3066
1004 3066
1004 3066
1004 3066
1004 3066
1004 3066
1005 3067
1005 3067
1005 3067
1005 3067
1005 3067
1006 3068
1006 3068
1006 3068
1006 3068
1006 3068
1006 3068
1006 3068
1007 3069
1007 3069
1007 3069
1007 3069
1007 3069
