1,1
1,2
1,3
1,4
1,5
1,6
1,7
1,8
1,9
1,10
1,11
1,12
1,13
2,14
2,15
2,16
2,17
2,18
2,19
2,20
2,21
2,22
2,4
2,23
2,24
2,25
2,26
2,27
2,28
2,29
2,30
2,31
2,32
2,33
2,34
2,35
2,36
2,37
2,38
2,39
2,40
2,41
2,42
2,42
2,43
2,44
2,45
2,46
2,47
2,48
2,49
2,50
3,51
3,3
3,52
3,53
3,54
3,55
3,56
3,57
3,58
3,59
3,60
3,61
3,62
3,63
3,64
3,65
3,66
3,67
3,68
3,69
3,70
4,71
4,72
4,73
4,74
4,75
4,76
4,55
4,77
4,78
4,79
4,80
4,81
4,82
4,83
4,84
4,85
4,86
4,87
4,88
4,89
4,90
4,91
4,92
4,93
4,94
4,95
4,96
4,97
4,98
4,97
4,99
4,100
4,9
4,101
4,102
4,103
4,104
4,105
4,106
4,107
4,108
4,109
4,110
4,111
4,112
4,113
4,114
4,115
4,116
4,117
4,118
4,119
4,120
4,121
4,122
4,123
4,124
4,125
4,126
4,127
4,128
4,129
4,130
5,131
5,53
5,55
5,132
5,5
5,133
5,134
5,6
5,135
5,136
5,137
5,138
5,139
6,140
6,141
6,27
6,142
6,28
6,143
6,144
6,145
6,146
6,147
6,148
6,149
6,150
6,151
6,152
6,153
6,154
6,155
6,156
6,157
6,158
6,158
6,159
6,160
6,161
6,162
6,163
6,164
6,165
7,166
7,167
7,168
7,169
7,170
7,171
7,172
7,173
7,174
7,175
7,176
7,177
8,178
8,179
8,180
8,181
8,182
9,183
9,58
9,151
9,184
9,185
9,186
9,187
9,8
9,188
9,61
9,189
9,190
9,191
9,9
9,69
9,192
9,193
9,194
9,195
9,128
9,49
9,196
9,197
10,198
10,159
10,199
10,200
10,165
10,201
10,202
11,203
11,204
11,175
11,205
11,206
12,207
12,208
12,209
12,210
12,36
12,211
12,212
12,213
12,47
13,214
13,55
13,215
13,216
13,217
13,218
13,219
13,220
13,221
13,222
13,223
13,224
13,225
13,226
13,186
13,159
13,227
13,228
13,229
13,230
13,231
13,232
13,233
13,234
13,235
13,236
13,237
13,238
13,239
13,189
13,240
13,241
13,242
13,243
13,244
13,245
13,246
13,106
13,11
13,247
13,248
13,249
13,250
13,251
13,252
13,107
13,253
13,254
13,255
14,256
14,257
14,258
14,259
14,260
14,261
14,262
14,263
14,264
14,265
15,266
15,170
15,267
15,268
15,269
15,270
15,271
15,272
15,273
15,274
15,275
15,276
15,277
15,278
15,202
16,279
16,280
16,281
16,282
16,283
17,284
17,285
17,286
17,287
17,279
17,288
17,289
18,290
18,291
18,292
18,293
18,115
18,294
18,295
18,296
19,297
19,298
19,299
19,300
19,301
19,302
19,303
19,304
19,305
19,306
19,307
19,256
19,308
19,309
20,310
20,311
20,312
20,313
20,314
20,315
21,316
21,27
21,317
21,318
21,319
21,183
21,320
21,321
21,322
21,323
21,116
22,324
22,325
22,28
22,29
22,36
22,326
22,45
22,327
22,328
22,329
22,330
22,331
23,209
23,332
23,333
23,334
23,28
23,335
23,336
23,337
23,30
23,31
23,338
23,339
23,79
23,81
23,340
23,341
23,149
23,342
23,146
23,343
23,344
23,345
23,346
23,143
23,347
23,34
23,32
23,348
23,349
23,307
23,35
23,5
23,220
23,350
23,351
23,134
23,151
23,352
23,353
23,354
23,355
23,356
23,45
23,357
23,358
23,157
23,359
23,360
23,59
23,361
23,362
23,184
23,158
23,155
23,363
23,84
23,226
23,364
23,365
23,321
23,212
23,366
23,137
23,367
23,161
23,228
23,137
23,227
23,368
23,231
23,234
23,369
23,61
23,235
23,90
23,91
23,370
23,371
23,372
23,373
23,374
23,375
23,376
23,377
23,378
23,379
23,44
23,190
23,191
23,380
23,248
23,381
23,382
23,383
23,384
23,385
24,386
24,55
24,144
24,387
24,388
24,79
24,340
24,389
24,390
24,354
24,391
24,392
24,151
24,393
24,394
24,187
25,395
25,396
25,397
25,398
25,399
26,400
26,401
26,402
26,307
26,210
26,149
26,348
26,43
26,403
26,404
27,316
27,405
27,406
27,407
27,132
27,82
27,113
27,408
27,409
27,114
27,410
27,411
27,412
28,413
28,3
28,414
28,415
28,34
28,5
28,416
28,417
28,418
28,195
28,419
28,411
29,420
29,421
29,422
29,423
29,148
29,424
29,425
29,426
30,71
30,427
30,75
30,428
30,429
30,430
30,431
31,432
31,433
31,434
31,435
31,436
32,437
32,438
32,439
32,440
32,441
32,442
32,443
33,444
33,391
33,353
33,445
33,446
34,447
34,448
34,449
34,450
34,451
34,452
34,453
34,158
34,454
34,455
35,456
35,457
35,458
35,459
35,460
35,461
36,462
36,81
36,463
36,393
36,355
36,464
36,465
37,466
37,467
37,468
37,469
37,470
37,386
37,21
37,471
37,472
37,473
37,474
37,475
37,476
37,477
37,74
37,24
37,478
37,470
37,479
37,216
37,480
37,217
37,316
37,481
37,304
37,482
37,142
37,388
37,483
37,332
37,421
37,484
37,143
37,485
37,402
37,28
37,486
37,387
37,397
37,487
37,334
37,341
37,488
37,78
37,79
37,489
37,490
37,146
37,347
37,149
37,346
37,343
37,210
37,491
37,35
37,5
37,220
37,350
37,151
37,134
37,492
37,493
37,157
37,494
37,224
37,226
37,495
37,364
37,365
37,496
37,322
37,230
37,497
37,227
37,498
37,161
37,234
37,499
37,500
37,379
37,501
37,372
37,44
37,374
37,502
37,95
37,503
37,240
37,99
37,383
37,504
37,288
37,505
37,506
37,380
37,507
37,384
37,508
37,509
37,510
37,11
37,511
37,512
37,513
37,248
37,514
37,192
37,13
37,252
37,515
37,516
37,517
37,139
37,518
37,47
37,170
37,519
37,520
37,521
38,325
38,522
38,320
38,405
38,361
38,523
38,524
38,525
38,292
38,68
38,526
38,527
38,268
38,528
38,411
39,529
39,347
39,530
39,531
39,532
39,533
39,534
40,535
40,240
40,101
40,65
40,536
40,537
40,538
40,539
40,168
40,117
40,540
40,541
40,542
41,543
41,544
41,545
41,546
41,71
41,547
41,548
41,549
41,550
41,551
41,552
41,319
41,495
41,82
42,153
42,553
42,554
42,42
42,555
42,82
42,556
42,237
42,191
42,509
43,386
43,557
43,254
43,558
43,559
43,560
44,561
44,562
44,563
44,564
44,565
44,566
44,196
44,567
44,568
44,569
44,570
44,571
45,572
45,573
45,574
45,156
45,575
45,576
45,257
45,577
46,578
46,579
46,580
46,581
46,582
47,583
47,210
47,584
47,361
47,585
47,586
48,587
48,588
48,186
48,589
48,372
48,537
48,590
48,564
48,591
49,479
49,592
49,406
49,421
49,28
49,332
50,593
50,405
50,594
50,595
50,596
50,482
50,132
50,464
50,597
50,492
50,58
50,45
50,183
50,598
50,599
50,600
50,601
50,602
50,376
50,501
50,603
50,604
50,605
50,606
50,607
50,10
50,68
50,608
50,262
50,609
50,610
50,611
50,612
50,613
50,614
51,218
51,209
51,143
51,332
51,79
51,77
51,615
51,616
51,306
51,617
51,618
51,619
52,494
52,620
52,621
52,622
52,499
52,623
52,624
52,625
52,112
52,115
52,626
52,266
52,331
53,627
53,207
53,628
53,629
53,151
53,465
53,229
53,235
53,163
53,508
53,515
53,630
53,631
53,570
54,632
54,338
54,30
54,341
54,340
54,132
54,133
54,492
54,82
54,633
54,634
54,635
54,569
55,483
55,636
55,56
55,307
55,6
55,57
55,637
55,638
55,112
55,639
55,640
55,248
55,641
55,519
56,642
56,643
56,213
56,644
56,645
56,646
57,647
57,14
57,648
57,649
57,650
57,651
57,652
57,287
57,225
57,653
57,654
57,655
57,279
57,42
57,656
57,657
57,374
57,658
57,659
57,380
57,508
57,510
57,206
57,511
57,660
57,661
57,514
57,662
57,663
57,112
57,664
57,665
57,666
57,213
57,667
57,289
57,668
57,174
57,669
57,670
57,399
57,331
58,394
58,59
58,256
58,671
58,672
58,673
58,674
58,675
58,676
58,677
58,678
59,679
59,450
59,680
59,24
59,27
59,681
59,388
59,682
59,299
59,683
59,353
60,53
60,684
60,75
60,54
60,474
60,478
60,685
60,422
60,402
60,406
60,686
60,687
60,335
60,319
60,688
60,156
60,226
60,321
60,256
60,689
60,369
60,329
60,690
60,542
60,669
60,691
60,692
60,693
61,694
61,695
61,696
61,341
61,58
61,697
61,698
61,361
61,699
61,158
61,158
61,700
61,138
61,227
61,44
61,240
61,107
61,508
61,65
61,701
61,702
61,516
61,110
61,641
61,703
61,631
61,580
61,704
62,705
62,694
62,304
62,706
62,707
62,708
62,709
62,250
62,251
63,479
63,710
63,711
63,299
63,712
63,300
63,489
63,305
63,713
63,301
63,30
63,714
63,45
63,56
63,340
63,715
63,716
64,717
64,304
64,718
64,402
64,719
65,388
65,210
65,708
65,233
65,91
65,101
66,479
66,720
66,721
66,77
66,722
66,464
66,223
66,723
66,724
66,725
67,300
67,726
67,210
67,727
67,728
68,729
68,482
68,730
68,96
68,64
68,731
68,399
68,732
68,733
68,570
68,734
69,735
69,386
69,736
69,737
69,199
69,280
69,738
69,399
69,739
70,395
70,21
70,740
70,75
70,298
70,684
70,477
70,25
70,741
70,592
70,472
70,742
70,407
70,340
70,343
70,210
70,476
70,743
70,389
70,744
70,6
70,471
70,45
70,39
70,494
70,225
70,230
70,137
70,745
70,233
70,746
70,42
70,747
70,235
70,499
70,589
70,536
70,166
70,108
70,662
70,748
70,749
70,169
70,669
70,750
70,176
70,751
70,123
70,271
70,372
70,197
71,583
71,694
71,335
71,422
71,132
71,599
71,744
71,752
71,753
71,97
71,754
71,755
71,756
71,673
71,528
71,757
71,758
72,759
72,760
72,761
72,762
72,763
72,764
72,765
73,629
73,766
73,576
73,724
73,703
73,767
74,768
74,769
74,770
74,771
74,772
74,290
74,773
74,774
74,61
74,97
74,503
74,200
74,723
74,10
74,756
74,410
74,640
74,775
74,248
74,776
74,331
74,331
74,777
74,778
74,779
75,780
75,520
75,781
75,767
75,782
75,783
75,48
76,784
76,785
76,786
76,128
76,787
77,788
77,103
77,245
77,789
77,250
77,666
77,790
78,791
78,792
78,793
78,128
78,794
79,795
79,71
79,796
79,797
79,798
79,799
79,800
79,801
79,331
79,644
79,782
80,802
80,679
80,803
80,804
80,319
80,805
80,156
80,97
80,97
80,806
80,807
80,808
80,809
80,810
80,669
80,520
80,811
81,25
81,741
81,216
81,26
81,812
81,414
81,301
81,487
81,813
81,405
81,30
81,338
81,305
81,814
81,815
81,816
81,817
81,818
81,819
81,377
81,374
81,820
81,9
81,821
81,822
81,101
81,661
81,823
81,824
81,825
81,826
81,792
82,24
82,487
82,27
82,343
82,827
82,591
83,828
83,829
83,497
83,830
83,831
83,832
84,684
84,477
84,833
84,387
84,402
84,221
84,39
84,157
84,40
84,184
84,321
84,229
84,834
84,162
84,137
84,498
84,555
84,234
84,231
84,237
84,44
84,95
84,189
84,199
84,239
84,723
84,200
84,506
84,835
84,245
84,11
84,661
84,329
84,667
84,174
84,519
84,836
84,518
84,837
84,838
84,738
84,331
84,767
84,412
84,559
84,635
84,790
84,839
85,840
85,805
85,67
85,115
85,841
86,216
86,300
86,144
86,303
86,77
86,714
86,305
86,842
86,348
86,843
86,599
86,37
86,697
86,844
86,773
86,845
86,846
86,847
86,848
86,801
87,849
87,78
87,80
87,343
87,37
87,416
87,637
87,850
87,772
87,495
87,728
87,132
87,370
87,817
87,84
87,851
87,497
87,852
87,853
87,796
87,502
87,854
87,855
87,118
87,797
87,856
87,446
88,857
88,858
88,859
88,860
88,861
88,862
88,863
88,864
88,865
88,201
89,866
89,867
89,468
89,868
89,869
89,870
89,871
90,866
90,467
90,872
90,873
90,874
90,875
90,876
91,877
91,878
91,879
91,880
91,310
91,881
91,882
91,765
91,883
91,884
92,873
92,885
92,886
92,879
92,887
92,888
92,889
92,310
92,763
93,33
93,210
93,318
93,722
93,356
93,91
93,709
93,190
93,890
93,891
93,892
94,893
94,894
94,479
94,480
94,895
94,896
94,27
94,415
94,402
95,349
95,32
95,897
95,898
95,775
95,899
95,900
96,901
96,480
96,902
96,903
96,742
96,583
96,316
97,904
97,905
97,906
97,246
97,907
98,908
98,909
98,53
98,740
98,219
99,910
99,911
99,286
99,912
99,913
100,914
100,914
100,915
100,916
100,917
100,918
101,919
101,79
101,920
101,136
101,921
101,922
101,703
101,923
102,924
102,925
102,476
102,926
102,657
102,927
102,928
102,929
103,151
103,930
103,931
103,932
103,933
104,934
104,935
104,22
104,24
104,936
105,937
105,868
105,938
105,939
105,940
105,941
105,942
106,943
106,944
106,945
106,946
106,947
107,948
107,949
107,950
107,951
107,952
108,953
108,144
108,332
108,79
108,338
108,388
108,28
108,341
108,304
108,58
108,244
108,243
108,954
108,249
108,250
108,955
108,855
109,956
109,957
109,958
109,959
109,960
109,961
109,450
109,962
109,963
110,964
110,965
110,966
110,967
110,968
111,969
111,531
111,970
111,853
111,45
111,971
112,972
112,973
112,974
112,975
112,16
112,976
113,977
113,978
113,979
113,980
113,981
114,937
114,205
114,982
114,983
114,984
114,985
115,986
115,684
115,75
115,987
115,849
115,216
115,742
115,988
115,989
115,990
115,289
115,253
115,586
115,645
115,991
116,992
116,993
116,994
116,995
116,996
116,997
116,998
117,463
117,722
117,183
117,999
117,620
117,699
117,64
117,847
118,1000
118,1001
118,1002
118,1003
118,1004
119,1005
119,1006
119,1007
119,1008
119,1009
120,1010
120,1011
120,1012
120,1013
120,188
120,1014
120,1015
120,1016
120,1017
120,1018
120,1019
120,1020
120,1021
120,1022
120,1023
120,1024
121,1025
121,1026
121,1027
121,1028
121,1029
122,1030
122,470
122,208
122,1031
122,24
123,1032
123,1033
123,310
123,1034
123,1035
123,1036
123,1037
124,1038
124,1039
124,1040
124,1041
124,1042
125,37
125,358
125,354
125,429
125,391
125,222
125,151
125,134
125,137
125,188
125,823
125,517
125,1043
125,1044
125,272
125,119
125,331
125,929
125,793
126,629
126,5
126,619
126,220
126,318
126,599
126,358
127,316
127,1045
127,356
127,531
127,86
127,523
127,97
127,1046
127,821
127,1047
127,119
128,1048
128,1049
128,1050
128,1051
128,407
128,33
128,307
128,619
128,843
128,318
128,492
128,1052
128,1053
128,223
128,1054
128,1055
128,1056
128,1057
128,1058
128,1059
128,1060
128,622
128,60
128,737
128,279
128,1061
129,78
129,1062
129,1063
129,744
129,599
129,463
129,353
129,601
129,493
129,1064
129,504
129,69
129,10
129,1065
129,1066
130,1067
130,1068
130,1069
130,1038
130,1070
131,205
131,1071
131,497
131,1072
131,1073
131,1074
131,853
131,43
132,1075
132,940
132,1076
132,1077
132,1078
132,1079
133,1080
133,1081
133,868
133,942
133,1082
134,1083
134,1084
134,1085
134,1086
134,1087
135,1088
135,1089
135,1090
135,1091
135,1092
136,629
136,1093
136,698
136,234
136,161
137,1094
137,1095
137,1096
137,1097
137,1098
138,4
138,414
138,136
138,1099
138,1100
138,1101
138,533
138,1102
138,97
138,898
138,104
138,1103
139,1104
139,1105
139,1106
139,1107
139,1108
140,1109
140,1110
140,1111
140,1112
140,1113
140,1114
141,1115
141,1116
141,1117
141,1118
141,1119
141,1120
142,27
142,367
142,176
142,703
142,1121
142,646
142,1122
142,50
143,1123
143,51
143,3
143,583
143,576
143,1124
144,474
144,219
144,637
144,1125
144,725
145,902
145,1126
145,695
145,706
145,1127
146,1128
146,1129
146,694
146,712
146,335
146,1130
146,336
146,1131
146,714
146,601
146,1132
147,924
147,926
147,742
147,812
147,470
147,210
147,550
147,222
147,394
147,366
147,1133
147,360
147,231
147,91
147,1134
147,316
147,233
147,754
147,167
148,629
148,155
148,189
148,379
148,240
148,13
148,1135
148,644
149,841
149,4
149,22
149,34
149,393
149,67
149,1136
149,1137
149,1138
150,988
150,796
150,1139
150,709
150,520
151,1140
151,489
151,32
151,36
151,584
151,221
151,817
151,1141
151,1142
151,1134
151,1143
151,1144
151,738
151,123
151,562
151,1145
152,1146
152,1147
152,821
152,1148
152,1149
153,1150
153,1151
153,1152
153,681
153,1153
153,57
153,1154
153,1155
153,1156
154,1157
154,1031
154,1129
154,812
154,988
154,58
154,1158
154,1159
155,741
155,843
155,920
155,220
155,319
155,1160
155,1056
155,211
155,815
155,531
155,1093
155,921
155,1161
155,374
155,244
155,540
155,630
155,1162
155,1163
155,276
155,126
155,1164
155,446
155,1165
156,331
156,331
156,1166
156,1167
156,634
156,1168
156,1169
156,578
156,1022
156,1170
156,1171
156,265
156,1172
156,1172
156,734
156,1173
157,1174
157,370
157,921
157,655
157,371
157,188
157,382
157,1175
157,112
157,410
157,270
157,1176
157,777
157,1138
158,1177
158,1177
158,1177
158,1177
158,1177
159,336
159,1062
159,339
159,1178
159,1179
159,1180
159,1181
159,850
159,766
159,1182
159,533
159,1183
159,1184
159,87
159,922
159,1185
159,271
159,123
160,1186
160,1187
160,1188
160,1189
160,1190
161,781
161,738
161,932
161,1173
161,1191
161,1192
162,1193
162,403
162,1194
162,186
162,86
162,61
162,1195
162,936
162,88
162,1196
162,774
162,853
162,502
162,190
162,308
162,1197
162,1198
162,1199
162,101
162,67
162,1200
162,608
162,381
162,661
162,1201
162,1202
162,69
162,823
162,1203
162,516
162,1204
162,667
162,268
162,1205
162,767
162,1206
163,1207
163,1208
163,1209
163,1210
163,1211
163,1212
164,815
164,1213
164,362
164,850
164,698
164,1214
164,602
164,392
164,1215
164,1216
164,86
164,1217
164,1218
164,1219
164,1220
164,657
164,373
164,281
164,806
164,820
164,723
164,1221
164,385
164,67
164,1134
164,381
164,1222
164,382
164,68
164,1223
164,822
164,1224
164,329
164,1225
164,808
164,251
164,516
164,1047
164,115
164,1226
164,1227
164,169
164,119
164,1228
164,1229
164,1230
164,933
165,1231
165,1232
165,1233
165,1234
165,976
165,1235
165,1236
166,1237
166,1238
166,1239
166,551
166,804
166,222
166,37
166,1060
166,238
166,105
166,541
166,838
166,1163
166,1240
167,1111
167,470
167,1157
167,713
167,148
167,186
167,365
167,138
167,235
167,44
167,506
167,835
167,509
167,1241
167,1198
167,206
167,661
167,247
167,13
167,46
167,1242
167,1243
167,564
167,591
167,1240
167,677
167,839
168,470
168,52
168,476
168,80
168,136
168,1244
168,1197
168,639
169,1245
169,833
169,1246
169,1154
169,969
169,1247
169,1248
169,112
169,801
169,1176
170,688
170,60
170,1249
170,1250
170,1251
170,799
171,341
171,1178
171,305
171,1249
171,819
171,1073
172,736
172,420
172,813
172,487
172,56
172,34
172,6
172,1252
172,230
172,1253
172,658
172,164
172,1254
172,385
172,1134
172,111
172,45
172,398
172,174
172,751
172,1255
172,783
172,1256
173,71
173,220
173,1252
173,161
173,138
173,233
173,61
173,374
173,102
173,104
173,954
173,931
173,118
173,933
174,554
174,1257
174,369
174,375
174,1258
175,927
175,440
175,273
175,564
175,1259
176,1260
176,1261
176,1262
176,1263
176,1264
177,1265
177,1266
177,1080
177,1267
177,1268
177,1269
177,1270
178,1271
178,1272
178,461
178,461
178,461
179,1
179,924
179,51
179,849
179,1129
179,833
179,332
179,338
180,1273
180,1274
180,1275
180,1276
180,1277
181,1278
181,1279
181,1280
181,1281
181,1282
181,1283
182,416
182,82
182,1053
182,1284
182,1285
182,1161
182,642
182,258
182,611
182,1286
182,275
183,361
183,98
183,309
183,1287
183,101
183,542
183,1288
183,277
184,948
184,149
184,421
184,682
184,1143
184,132
184,646
185,1289
185,1290
185,1291
185,1292
185,1293
185,1294
186,1295
186,787
186,1296
186,635
186,692
186,1297
186,1298
186,1299
186,1300
186,196
187,1126
187,1301
187,1302
187,175
187,272
187,1303
188,1304
188,1069
188,1305
188,1038
188,1080
188,868
188,1306
188,1307
189,1308
189,1309
189,878
189,1310
189,1038
189,882
189,1305
189,1311
190,547
190,1312
190,1313
190,1314
190,1315
191,592
191,343
191,306
191,220
191,429
191,175
192,587
192,318
192,1316
192,162
192,1317
193,1317
193,375
193,45
193,1318
193,293
193,1132
194,417
194,1319
194,1045
194,224
194,1064
194,1320
194,1060
194,700
194,228
194,373
194,1321
194,379
194,238
195,1322
195,673
195,1323
195,1324
195,47
196,1325
196,1326
196,1105
196,1327
196,1328
197,815
197,1329
197,1093
197,846
197,434
198,1330
198,809
198,1147
198,269
198,419
198,521
198,791
199,980
199,980
199,965
199,965
199,1331
199,1331
199,1332
199,1332
200,1333
200,1025
200,1334
200,1335
200,1336
201,1337
201,1338
201,1339
201,1340
201,1341
201,152
201,1342
202,1343
202,841
202,1344
202,413
202,1157
202,717
202,218
202,1345
202,612
202,1346
203,1347
203,768
203,1348
203,1349
203,1350
204,1351
204,1054
204,360
204,774
204,162
204,988
204,539
204,353
204,1352
205,1126
205,498
205,234
205,188
205,189
205,232
205,191
205,663
205,329
205,1065
205,516
205,540
205,1044
206,1353
206,765
206,1354
206,1355
206,1356
206,1357
207,903
207,325
207,843
207,429
207,58
207,351
207,1358
207,1181
207,699
207,229
207,233
207,61
207,1359
207,1360
207,1361
207,1302
207,128
208,984
208,1362
208,461
208,461
208,461
208,1363
208,461
209,694
209,1093
209,184
209,1364
209,62
209,1221
209,1365
209,124
210,405
210,407
210,146
210,31
210,220
210,150
210,366
210,137
210,231
210,1321
210,41
210,383
210,245
210,1137
210,1366
210,823
210,1367
211,303
211,401
211,357
211,539
211,212
212,1368
212,1369
212,1370
212,1371
212,1372
212,1373
212,1374
212,1375
213,1376
213,1246
213,418
213,1377
213,1378
213,1055
213,211
213,588
213,1379
213,1072
213,249
213,502
213,64
213,1161
213,1380
213,1381
213,106
213,1224
213,1382
213,255
213,526
214,1383
214,1384
214,1385
214,1386
214,1387
215,1388
215,1389
215,1390
215,1391
215,1392
216,1393
216,1394
216,1395
216,1396
216,1397
216,1398
216,1399
216,1400
216,1401
216,1402
216,1403
216,1404
216,1405
216,1406
216,1407
216,729
217,1408
217,1409
217,1290
217,1410
217,1411
217,1412
218,895
218,77
218,596
218,488
218,594
218,389
218,490
218,343
218,347
219,727
219,620
219,211
219,1413
219,1414
219,622
219,1379
219,1218
219,1415
219,846
219,1322
219,384
220,1416
220,124
220,1167
220,1417
220,1418
221,1419
221,1420
221,1421
221,1422
221,1423
221,1424
221,1425
222,1426
222,1427
222,1428
222,1429
222,1430
223,1431
223,1432
223,1433
223,911
223,1434
224,1435
224,861
224,1436
224,1269
224,1437
225,201
225,777
225,1297
225,1298
225,1299
226,1122
226,1171
226,1172
226,646
226,1438
226,1172
226,1439
226,923
226,1440
226,1441
226,1442
226,1443
226,1165
227,519
227,1043
227,519
227,123
227,1444
227,528
227,1445
228,1446
228,1447
228,1035
228,141
228,1448
228,694
229,1449
229,1450
229,1438
229,1451
229,739
230,1452
230,1289
230,1453
230,1454
230,1455
230,1456
230,1457
231,1458
231,1459
231,1460
231,1461
231,1462
231,1463
231,1464
231,1465
231,1466
232,1467
232,1468
232,1469
232,980
232,696
233,771
233,770
233,1377
233,1329
233,1055
234,1470
234,1471
234,114
234,1144
234,1472
234,1473
234,431
235,39
235,225
235,365
235,187
235,137
235,655
235,498
235,42
235,1474
235,723
235,98
235,44
235,536
235,245
235,509
235,1475
235,192
235,809
235,206
235,515
235,176
235,117
235,899
235,171
235,13
235,1476
235,331
235,124
236,774
236,1142
236,175
236,1476
236,1477
236,123
236,411
236,125
237,356
237,1133
237,1320
237,248
237,116
238,525
238,619
238,183
238,1478
238,226
238,530
238,10
239,205
239,1479
239,343
239,1480
239,1369
239,1481
240,908
240,1482
240,1157
240,76
240,54
240,333
240,1483
240,359
240,1252
240,1216
240,91
240,64
240,65
240,1484
240,399
240,1485
241,1486
241,1487
241,1312
241,1488
241,1489
241,1490
242,81
242,495
242,225
242,1491
242,371
242,94
242,505
242,1198
243,1492
243,465
243,1059
243,766
243,530
243,230
243,1217
243,655
243,92
243,96
243,1493
243,101
243,928
243,175
243,691
243,704
243,1299
244,1494
244,1160
244,1495
244,1161
244,1496
244,1201
245,4
245,216
245,414
245,444
245,172
246,1497
246,926
246,1181
246,675
246,540
246,542
247,1498
247,1499
247,1500
247,1501
247,1502
248,1503
248,1504
248,1505
248,1506
248,1507
248,1508
248,1509
249,1510
249,1511
249,926
249,594
249,596
249,595
250,1344
250,1239
250,843
250,318
250,361
250,239
250,1382
251,1512
251,1513
251,1514
251,1515
251,1516
252,358
252,1054
252,391
252,1320
252,789
252,1517
252,430
252,1518
253,848
253,523
253,1074
253,279
253,612
253,1519
253,1520
254,1157
254,210
254,1358
254,553
254,1521
254,822
254,1522
255,1523
255,1524
255,1525
255,1526
255,1527
255,1528
256,934
256,1529
256,1530
256,1531
256,1532
257,1533
257,1534
257,1535
257,1536
257,1537
258,1319
258,249
258,235
258,555
258,673
258,245
258,329
258,527
258,1163
258,1125
259,133
259,1249
259,805
259,1538
259,1250
259,897
259,157
259,1213
259,633
259,617
259,498
259,662
259,667
259,399
260,1247
260,1213
260,429
260,403
260,364
260,321
260,365
260,1320
260,279
260,42
260,1539
260,199
260,1540
260,661
260,823
260,176
260,1477
260,1205
260,399
260,1541
260,645
260,1542
260,564
260,48
260,49
261,222
261,1158
261,969
261,1213
261,1414
261,1413
261,1543
261,1195
262,1544
262,1545
262,1546
262,1547
262,1548
263,1549
263,1482
263,1550
263,1551
263,1551
264,1552
264,1552
264,1553
264,1553
264,1554
264,1554
265,815
265,229
265,1073
265,378
265,835
265,754
265,115
265,1555
265,268
266,1556
266,1557
266,1558
266,647
266,1559
267,1213
267,728
267,8
267,282
267,662
267,1560
268,1561
268,573
268,1562
268,1563
268,1564
268,1565
268,55
268,187
268,232
268,245
269,1566
269,1396
269,1075
269,1567
269,1568
270,310
270,1569
270,1570
270,1571
270,1572
271,1573
271,1574
271,1575
271,1576
271,1577
272,74
272,476
272,926
272,722
272,732
273,4
273,393
273,105
273,822
273,1137
273,1230
274,1578
274,926
274,79
274,489
274,594
274,595
274,596
275,1579
275,1580
275,1581
275,987
275,682
276,1582
276,479
276,26
276,895
276,324
276,406
276,381
276,541
277,1583
277,39
277,815
277,536
277,269
278,1584
278,1585
278,1586
278,1587
278,1588
279,1589
279,418
279,539
279,39
279,381
279,1590
279,1591
280,853
280,1592
280,65
280,1415
280,1593
281,1594
281,1595
281,1596
281,1597
281,1598
281,1599
282,671
282,1600
282,1060
282,820
282,700
282,163
282,247
282,288
282,1287
282,1601
282,372
282,536
282,928
282,1602
282,989
282,1603
282,1197
282,668
282,612
282,526
282,268
282,1047
282,248
282,1604
282,1605
282,1606
282,1607
282,1608
282,799
282,1609
282,1593
282,1610
282,1611
282,125
282,1612
283,1613
283,1614
283,1615
283,1616
283,1617
284,1618
284,967
284,1619
284,1620
284,1621
285,1622
285,1623
285,898
285,1624
285,823
285,1625
285,1518
285,1626
285,255
285,838
285,1176
285,201
285,1206
285,1122
285,1627
286,1628
286,10
286,789
286,1629
286,45
286,1630
287,371
287,555
287,1360
287,723
287,380
288,1538
288,83
288,1181
288,82
288,186
288,226
288,1631
288,554
288,369
288,1014
288,242
288,1136
288,612
288,645
288,782
288,1632
289,1633
289,1634
289,1635
289,1636
289,1637
289,1633
290,1638
290,1639
290,1640
290,1641
290,1642
291,1414
291,1413
291,465
291,227
291,1643
291,512
291,784
292,1644
292,1645
292,1646
292,1647
292,1648
292,1649
293,1650
293,1651
293,1652
293,1418
293,1653
294,557
294,903
294,1072
294,623
294,1243
294,1627
295,310
295,1654
295,1655
295,1656
295,1657
296,587
296,481
296,1658
296,1659
296,798
297,1270
297,1660
297,1661
297,1662
297,140
297,1663
297,1664
298,1665
298,1666
298,1667
298,696
298,1668
299,1669
299,1670
299,1671
299,1672
299,1673
300,1674
300,1675
300,141
300,1676
300,1677
301,1678
301,1170
301,1548
301,1679
301,1170
301,1015
302,867
302,1680
302,1681
302,1682
302,1683
303,1565
303,551
303,1414
303,535
303,97
303,66
303,201
304,1684
304,1685
304,1686
304,1687
304,1688
304,1689
305,1690
305,577
305,1611
305,1691
305,1166
305,1692
305,739
305,578
305,777
305,1138
305,1172
306,1613
306,1693
306,1694
306,1695
306,1696
307,1697
307,1697
307,1698
307,1699
307,1700
308,1701
308,969
308,394
308,1538
308,815
308,1250
308,772
308,1352
308,40
308,322
308,8
308,371
308,293
308,1702
308,606
308,502
308,309
308,97
308,288
308,643
308,10
308,663
308,755
308,1659
308,1227
308,1703
308,576
308,168
308,115
308,1477
308,1476
308,1704
308,1541
308,1705
308,1103
309,1706
309,902
309,1049
309,742
309,711
309,324
310,1707
310,1708
310,1709
310,1710
310,1659
311,1711
311,1712
311,1713
311,1714
311,14
311,868
311,1715
312,1716
312,1717
312,1718
312,1290
312,1719
312,1720
313,166
313,1721
313,177
313,1722
313,1228
313,173
314,1723
314,1724
314,1725
314,1726
314,1727
314,1728
315,1230
315,1243
315,1542
315,1729
315,1730
316,1691
316,586
316,124
316,634
316,1731
316,1303
316,49
316,1732
317,551
317,1733
317,386
317,51
317,629
317,813
318,211
318,620
318,817
318,1059
318,1215
318,497
318,1734
318,1735
318,507
318,748
318,1703
318,1736
319,1737
319,1059
319,1738
319,1739
319,87
319,1740
319,1741
319,1742
320,1005
320,1743
320,1744
320,1745
320,1746
321,1747
321,1748
321,1749
321,1750
321,1751
321,1752
321,1753
321,1754
322,1755
322,1756
322,1757
322,1758
322,1759
322,1760
323,1761
323,1762
323,1763
323,1369
323,1764
324,1610
324,703
324,1166
324,1765
324,929
325,902
325,1766
325,188
325,445
325,1624
326,1767
326,1768
326,1769
326,1770
326,1771
326,1772
327,310
327,1773
327,768
327,1774
327,1775
328,1776
328,1777
328,1778
328,1779
328,1780
329,1781
329,1092
329,1782
329,1783
329,1784
330,1785
330,1070
330,1309
330,1232
330,1786
331,1787
331,1788
331,1012
331,1789
331,1790
332,1240
332,1791
332,1792
332,1793
332,677
332,716
333,1794
333,1795
333,1796
333,480
333,1797
334,988
334,1798
334,1799
334,1739
334,689
334,1800
334,576
335,1801
335,546
335,1802
335,1803
335,1804
336,807
336,295
336,1175
336,115
336,1805
336,526
336,1806
336,799
337,1807
337,1808
337,357
337,921
337,1321
337,1605
338,1594
338,878
338,1809
338,1810
338,1811
339,1812
339,1813
339,1814
339,1815
339,1816
339,1817
339,1818
340,1819
340,942
340,1820
340,1396
340,1042
340,1821
340,1822
340,1823
341,394
341,1824
341,108
341,642
341,379
342,1160
342,88
342,1521
342,62
342,1825
342,97
342,1230
343,1826
343,602
343,392
343,211
343,187
343,621
343,1099
344,1478
344,1827
344,292
344,1828
344,105
344,930
344,212
344,1829
344,1143
344,1147
344,789
345,1719
345,320
345,815
345,1377
345,1054
345,1472
345,116
345,1830
346,1831
346,1832
346,1833
346,1631
346,1217
346,229
346,1834
346,499
346,1219
346,589
346,709
346,1199
346,1835
347,1836
347,1837
347,1060
347,373
347,657
347,655
347,1800
347,60
347,585
347,708
347,1139
347,279
347,62
347,1643
347,238
347,1838
347,1317
347,374
347,1829
347,114
347,262
347,1185
347,1839
347,634
347,175
347,1221
347,1840
347,929
347,263
347,1627
348,1841
348,782
348,1842
348,1138
348,1793
348,1451
349,635
349,1843
349,1844
349,1845
349,1256
349,1846
350,1847
350,1848
350,435
350,856
350,1849
350,1192
351,866
351,1850
351,1851
351,1852
351,1853
352,290
352,499
352,1854
352,108
352,419
352,70
353,1855
353,1856
353,1857
353,1858
353,1859
353,1060
354,134
354,37
354,1540
354,1860
354,1861
354,1862
355,22
355,637
355,1252
355,851
355,369
355,1863
356,1864
356,1213
356,356
356,85
356,503
356,846
356,384
356,1199
356,608
356,1830
356,1444
357,1865
357,1095
357,210
357,167
357,121
357,1866
357,564
358,1867
358,1868
358,1185
358,1742
358,260
358,1869
359,450
359,1308
359,1870
359,413
359,849
360,1871
360,786
360,1872
360,1303
360,1300
360,1022
360,1122
361,1285
361,853
361,61
361,1046
361,66
361,1317
361,798
362,1873
362,1874
362,1875
362,1710
362,1876
362,1160
362,1320
362,279
362,159
362,1734
362,753
362,1380
362,723
362,847
362,1828
362,248
362,892
362,1877
363,467
363,960
363,468
363,1080
363,1878
364,1451
364,787
364,1103
364,1879
364,1632
364,1880
365,1881
365,368
365,83
365,1099
365,328
365,672
366,1882
366,1882
366,1883
366,1883
366,1884
366,1884
367,1885
367,1885
367,1886
367,1886
367,1887
367,1887
368,394
368,1376
368,1358
368,40
368,493
368,360
368,157
368,1888
369,1872
369,580
369,1889
369,704
369,646
370,421
370,134
370,151
370,1158
370,355
370,7
370,1376
370,385
370,498
371,1213
371,62
371,65
371,1196
371,659
371,634
371,50
372,1890
372,1891
372,1892
372,625
372,1893
372,250
372,1894
372,114
372,1659
373,791
373,1022
373,1895
373,1896
373,1206
373,1897
373,567
374,1898
374,503
374,98
374,1899
374,104
374,291
375,156
375,667
375,528
375,561
375,933
375,1732
376,418
376,137
376,906
376,1900
376,1241
376,1542
377,1901
377,1261
377,1080
377,1902
377,868
377,1903
377,1904
377,876
377,1905
377,310
377,1069
377,882
377,1396
378,921
378,186
378,365
378,1072
378,60
378,367
378,500
378,1824
378,97
378,97
378,1540
378,1287
378,191
378,10
378,607
378,1906
378,511
378,822
378,410
378,1630
378,278
379,1907
379,1908
379,902
379,1909
379,695
379,1910
379,1911
379,598
379,501
379,605
379,1912
379,1199
379,502
379,1913
379,1906
379,1914
379,1805
379,1043
379,1915
380,969
380,688
380,157
380,360
380,82
380,43
380,1181
381,850
381,1916
381,532
381,500
381,1917
381,668
381,892
381,801
381,1176
382,1918
382,436
382,1450
382,1919
382,1920
383,1921
383,765
383,1306
383,180
383,1922
384,728
384,290
384,1923
384,233
384,236
384,378
384,640
384,253
384,1924
384,1417
385,684
385,84
385,60
385,747
385,1860
385,377
385,1251
385,246
385,69
385,1925
385,899
385,667
385,767
385,631
386,52
386,22
386,553
386,132
386,631
386,561
386,1926
387,389
387,599
387,429
387,94
387,1927
388,540
388,254
388,644
388,49
388,1928
388,1929
388,1930
389,1931
389,412
389,1296
389,563
389,1417
389,635
389,1138
389,565
389,1791
389,1932
389,568
389,569
390,1765
390,783
390,1872
390,1840
390,1791
391,271
391,1933
391,254
391,1924
391,1934
391,1477
391,670
391,1221
391,733
391,1541
391,971
391,125
391,1242
391,644
391,1121
391,1841
391,129
391,787
391,564
391,1935
391,48
391,1792
391,1936
392,1937
392,1802
392,1709
392,1207
392,1111
393,40
393,137
393,498
393,138
393,737
393,91
393,90
394,136
394,1938
394,969
394,494
394,1939
394,1285
394,372
394,1608
394,756
394,971
394,1940
395,39
395,354
395,360
395,162
395,371
395,936
395,1241
395,109
395,13
395,170
395,1205
395,645
395,1841
395,50
396,744
396,707
396,1941
396,530
396,97
396,1221
397,1405
397,1902
397,1942
397,937
397,1943
397,1944
397,1945
397,1747
398,729
398,1946
398,1733
398,684
398,222
398,391
398,1947
398,1948
399,1949
399,804
399,746
399,1060
399,1917
399,175
399,1205
399,1024
400,1950
400,495
400,620
400,1099
400,1951
401,1952
401,1172
401,1024
401,566
401,196
401,1845
401,734
401,1650
402,1438
402,758
402,1485
402,1843
402,1953
403,1954
403,1955
403,1024
403,1956
403,569
403,1957
403,582
403,1958
403,856
403,739
403,1959
403,1960
404,403
404,498
404,235
404,806
404,506
404,1961
404,516
404,808
404,801
404,568
404,1932
405,426
405,360
405,370
405,356
405,1052
405,1941
405,1182
405,229
405,1962
405,796
405,1285
405,1493
405,101
405,1963
405,1964
405,1965
406,1966
406,567
406,1967
406,1968
406,566
407,1791
407,1969
407,435
407,1970
407,1172
408,1056
408,59
408,290
408,137
408,230
408,43
408,1061
408,1971
408,898
408,1360
408,702
408,1317
408,1828
409,1972
409,1973
409,1974
409,1975
409,543
409,1976
409,1977
409,1978
409,1979
409,1980
409,1981
409,1982
409,1983
409,1984
409,1985
409,1482
410,131
410,22
410,1180
410,806
410,115
411,1986
411,1987
411,1988
411,275
411,1869
411,767
411,578
411,792
411,1365
412,40
412,365
412,187
412,898
412,11
413,688
413,425
413,921
413,1493
413,855
414,535
414,1824
414,1643
414,1142
414,375
414,1989
415,134
415,391
415,224
415,154
415,1221
416,1949
416,471
416,428
416,76
416,695
417,1990
417,620
417,689
417,63
417,188
417,1991
417,1251
417,114
417,1132
417,119
417,890
417,528
418,1166
418,1168
418,1992
418,581
418,1928
419,744
419,1045
419,531
419,707
419,403
419,553
419,185
420,553
420,745
420,655
420,1993
420,189
420,233
420,806
420,846
420,1854
421,322
421,233
421,556
421,239
421,575
421,511
421,13
422,1928
422,1024
422,1590
422,1994
422,1843
422,779
422,1995
422,1929
423,1996
423,568
423,1172
423,1439
423,1440
423,1967
423,1997
423,1998
423,1418
424,480
424,592
424,347
424,424
424,133
424,843
424,1478
424,1538
425,698
425,1798
425,497
425,796
425,1989
425,853
425,1702
425,1046
425,97
425,502
425,774
425,845
425,98
425,291
425,1197
425,1199
425,507
425,1287
425,898
425,294
425,1999
425,166
425,258
425,749
425,176
425,922
425,1625
425,542
425,2000
425,1444
425,411
425,1541
425,2001
425,634
425,578
425,2002
425,1296
426,2003
426,728
426,2004
426,173
426,2005
426,1295
427,2006
427,321
427,364
427,672
427,2007
427,1134
427,2008
427,1243
427,48
428,258
428,2009
428,2010
428,1185
428,799
428,724
428,1924
428,1522
428,399
428,2011
428,129
428,1122
429,2012
429,262
429,2013
429,2014
429,2015
429,1871
430,1217
430,1072
430,1285
430,309
430,10
430,1226
431,347
431,137
431,138
431,723
431,382
431,661
431,329
431,1225
431,591
432,106
432,1906
432,1829
432,248
432,928
432,516
432,2016
432,639
432,668
432,2017
432,631
433,792
433,1445
433,1931
433,785
433,1417
433,1732
433,725
433,1138
433,1915
434,259
434,838
434,121
434,1243
434,563
434,1869
435,539
435,493
435,815
435,1072
435,774
435,376
435,107
435,1251
435,101
435,109
435,410
435,1324
435,1136
435,248
435,676
435,176
435,117
435,2018
435,670
435,1229
435,739
435,933
435,2019
435,1919
435,678
436,1044
436,1255
436,738
436,2020
436,2020
436,124
436,1242
436,644
436,1206
436,48
436,2019
437,811
437,1255
437,641
437,521
437,1705
437,1692
437,1167
437,2021
438,2022
438,2022
438,2023
438,2023
438,1405
438,1405
438,2024
438,2024
438,2025
438,2025
438,2026
438,2026
439,2027
439,2028
439,2029
439,2030
439,2031
440,1881
440,394
440,707
440,531
440,354
440,137
440,408
440,2032
440,2033
440,263
441,2034
441,565
441,2035
441,1256
441,1880
441,202
442,156
442,788
442,1521
442,536
442,537
443,1129
443,26
443,717
443,2036
443,833
443,481
443,80
443,727
444,1240
444,1732
444,1994
444,1929
444,2037
445,1472
445,275
445,1365
445,1691
445,578
446,1050
446,78
446,343
446,220
446,2038
446,356
446,755
446,2039
447,316
447,2040
447,36
447,988
447,752
447,703
448,2041
448,2042
448,2043
448,2044
448,2045
449,191
449,1999
449,1143
449,1606
449,111
449,1608
449,1476
450,2046
450,570
450,2047
450,2048
450,1165
451,2049
451,777
451,2050
451,2051
451,2052
451,792
451,565
451,1845
451,1103
452,151
452,391
452,134
452,633
452,805
452,137
452,137
452,409
452,936
452,707
452,2053
452,774
452,798
453,988
453,1990
453,229
453,585
453,97
453,385
453,107
453,1223
453,109
454,393
454,1142
454,2054
454,1161
454,1014
454,1989
454,1287
455,1378
455,1056
455,211
455,970
455,1093
456,2055
456,2056
456,1252
456,429
456,1199
456,601
456,68
457,2057
457,2058
457,697
457,1352
457,1183
458,417
458,599
458,429
458,1054
458,425
458,358
458,1377
458,362
458,2059
458,2060
458,404
459,988
459,1378
459,360
459,1990
459,186
459,65
459,1251
459,165
459,1222
459,755
459,1659
459,675
459,1722
459,1951
459,2061
459,781
459,521
459,561
459,2062
459,1299
460,393
460,137
460,1320
460,234
460,232
460,1626
460,1934
461,2063
461,1692
461,644
461,2064
461,779
462,84
462,1216
462,1837
462,2065
462,2059
462,2066
463,1183
463,98
463,892
463,1230
463,2067
464,393
464,969
464,2068
464,771
464,136
464,897
464,1146
464,7
464,493
464,1099
464,1881
464,598
464,2069
465,1837
465,2070
465,533
465,1141
465,846
465,702
465,928
465,2071
465,1964
466,988
466,1990
466,1798
466,494
466,497
466,235
466,138
466,232
466,502
466,2072
466,98
466,379
466,640
466,245
466,115
466,892
467,88
467,846
467,1139
467,2073
467,1066
467,1610
467,591
468,2074
468,426
468,771
468,2075
468,728
468,497
468,709
468,2076
468,64
468,2077
468,1251
468,2078
469,2079
469,1134
469,754
469,1248
469,1473
470,2020
470,2020
470,1243
470,645
470,2080
470,1417
470,591
470,591
470,278
470,1955
471,838
471,331
471,2021
471,48
471,2019
472,969
472,531
472,1352
472,921
472,1156
472,655
472,2020
472,48
472,49
473,154
473,150
473,1834
473,1284
473,506
473,508
473,510
473,1900
474,394
474,585
474,503
474,1825
474,2081
475,599
475,722
475,664
475,2082
475,612
476,495
476,1059
476,82
476,655
476,623
476,709
476,1971
476,700
476,308
476,92
476,2083
476,281
476,2084
476,1899
476,1147
476,163
476,1360
476,1601
476,505
476,2007
476,658
476,723
476,1200
476,1828
476,1361
476,1241
476,2085
476,702
476,1175
476,410
477,128
477,1125
477,2086
477,677
477,1919
478,771
478,1146
478,1538
478,1055
478,497
478,1250
478,416
479,1378
479,698
479,1099
479,1181
479,620
479,2087
479,1798
479,403
479,622
479,497
479,1182
479,86
480,850
480,1133
480,2087
480,88
480,799
480,2088
480,2089
481,2090
481,2091
481,808
481,809
481,2092
481,1805
482,218
482,717
482,83
482,464
482,2093
483,2094
483,1611
483,2095
483,738
483,521
483,1162
483,1163
483,1632
484,1146
484,2096
484,2097
484,2068
484,771
484,1799
485,2098
485,2099
485,1338
485,2100
485,2101
485,2102
486,969
486,698
486,502
486,1197
486,385
486,1934
486,1963
487,850
487,999
487,2103
487,989
487,1194
488,7
488,39
488,1881
488,403
488,370
488,84
488,371
488,162
488,689
488,2104
488,657
488,2105
488,853
488,2106
488,63
488,2107
488,2108
488,605
488,1740
488,537
488,590
488,513
488,2109
488,2110
488,1345
488,2111
488,2112
488,2113
489,2091
489,1180
489,1216
489,68
489,542
490,2006
490,1247
490,502
490,2114
490,621
490,2115
490,921
490,1321
490,1517
490,1415
490,1367
490,2077
491,988
491,2091
491,530
491,1072
491,2116
491,1539
491,1285
491,753
492,1246
492,236
492,1734
492,237
492,1284
492,524
492,1072
492,621
492,753
492,1740
493,2117
493,2118
493,1864
493,2119
493,2120
493,2121
494,462
494,402
494,1195
494,2122
494,2123
495,2124
495,2125
495,2126
495,1172
495,1172
495,1922
495,739
495,197
496,2006
496,815
496,495
496,531
496,1074
497,1166
497,1168
497,1169
497,580
497,2127
497,1138
497,2128
498,1169
498,782
498,591
498,1445
498,1732
499,2129
499,1146
499,1377
499,621
499,709
499,2130
499,199
500,2128
500,635
500,1451
500,1173
500,2131
501,2132
501,2133
501,993
501,2134
501,998
502,2135
502,1844
502,2136
502,1650
502,2137
502,2131
503,1045
503,1600
503,1093
503,531
503,107
504,222
504,1146
504,897
504,588
504,496
504,671
505,1214
505,1160
505,493
505,602
505,1911
505,598
505,409
505,523
505,1735
505,585
505,308
505,1322
505,2138
505,2139
505,98
505,68
505,404
505,2140
505,262
505,578
505,278
505,1879
506,2086
506,1919
506,1441
506,2141
506,1930
507,2142
507,790
507,570
507,2035
507,1880
507,560
508,2143
508,1969
508,2144
508,2145
508,446
509,2146
509,2147
509,1799
509,403
509,1734
509,2096
509,2069
509,585
509,2148
509,1257
509,2149
509,2108
509,2150
509,820
509,788
509,2151
509,2152
509,536
510,1827
510,2153
510,416
510,539
510,392
510,689
510,1740
510,385
510,670
511,2154
511,1655
511,393
511,228
511,1800
511,1925
511,922
511,676
511,2018
511,1542
511,1935
511,1240
512,771
512,211
512,425
512,1059
512,60
513,1928
513,790
513,1191
513,570
513,1936
514,1705
514,2155
514,412
514,1295
514,2156
514,2157
515,1121
515,785
515,2158
515,2159
515,1918
515,1103
515,2002
515,1417
515,757
515,1138
515,929
515,1732
515,1170
515,2160
515,202
515,2161
516,734
516,1848
516,1958
516,202
516,2162
516,739
517,1928
517,1240
517,1438
517,692
517,1172
517,1172
517,1632
518,1172
518,1171
518,1450
518,758
518,1844
519,2163
519,2164
519,2165
519,2166
519,2167
520,2168
520,2169
520,2170
520,2171
520,1613
520,2172
520,2173
521,2174
521,2175
521,2176
521,2177
521,2178
522,855
522,1927
522,890
522,254
522,201
523,2179
523,128
523,792
523,2062
523,1122
523,569
523,1936
524,2180
524,2181
524,2182
524,2183
524,326
525,287
525,2184
525,2185
525,2186
525,2187
525,2188
525,2189
526,984
526,1403
526,1618
526,1069
526,205
527,2190
527,2191
527,2192
527,1494
527,1502
528,2193
528,2194
528,1680
528,2195
528,2196
529,2194
529,2197
529,2198
529,1974
529,1795
530,2199
530,2199
530,2200
530,2200
530,2201
530,2201
531,2202
531,2203
531,2204
531,2205
531,1333
531,2206
531,2207
531,2208
532,2209
532,2210
532,2211
532,2212
532,2213
533,2214
533,2215
533,960
533,2216
533,2217
534,58
534,136
534,1798
534,530
534,82
534,408
534,1183
534,1284
534,656
534,753
534,737
534,497
534,1219
534,2140
534,2218
535,2219
535,2220
535,2221
535,2222
535,2223
536,2224
536,2225
536,2226
536,2227
536,2228
537,2229
537,2230
537,1453
537,2231
537,2232
538,2233
538,2234
538,2235
538,2236
538,2237
538,2238
539,205
539,942
539,2239
539,2240
539,2172
540,648
540,2241
540,467
540,2242
540,2243
541,2244
541,2245
541,413
541,2246
541,2247
541,2248
542,331
542,739
542,129
542,1895
542,564
542,1192
543,2249
543,867
543,1785
543,2250
543,2251
543,2252
544,1230
544,1840
544,635
544,565
544,1919
545,2253
545,455
545,1929
545,739
545,70
545,1650
545,2254
546,2255
546,2256
546,2257
546,2258
546,2259
547,2260
547,1781
547,1945
547,1080
547,1306
547,2173
548,1030
548,2261
548,2262
548,968
548,2263
548,2264
548,2265
548,2266
549,1558
549,2249
549,2267
549,1786
549,2268
550,1942
550,1080
550,1558
550,2269
550,2270
550,2271
551,1749
551,1396
551,2272
551,2273
551,1875
552,2274
552,2275
552,2276
552,2277
552,2278
553,2279
553,2279
553,2223
553,2223
553,903
553,903
554,2280
554,2281
554,2282
554,2283
554,2284
555,2285
555,2286
555,2282
555,2287
555,2288
555,2289
556,2290
556,2291
556,2292
556,2293
556,345
557,992
557,2294
557,2133
557,2295
557,1921
558,14
558,15
558,961
558,2296
558,1943
558,2297
559,2298
559,2299
559,2300
559,2301
559,2302
559,2303
559,2304
559,1014
560,2305
560,467
560,1080
560,468
560,1713
561,2306
561,2307
561,2188
561,2308
561,2309
561,2310
561,2311
561,2312
561,2313
562,1648
562,2314
562,2315
562,2316
562,2317
563,2318
563,2318
563,1080
563,1080
563,879
563,879
563,1781
563,1781
564,2314
564,2319
564,2320
564,2321
564,2322
564,2323
565,2324
565,2325
565,2326
565,2327
565,2328
566,1012
566,2329
566,2330
566,2331
566,2332
567,2333
567,587
567,391
567,358
567,134
567,394
567,745
567,1161
567,1952
568,1562
568,2334
568,2335
568,2336
568,2337
568,572
568,1559
569,2338
569,2339
569,2340
569,2341
569,2342
569,2343
570,422
570,2344
570,58
570,698
570,774
570,661
570,171
571,2345
571,2345
571,2345
571,2346
571,2346
571,2346
572,2347
572,2348
572,2349
572,141
572,2350
573,2351
573,2352
573,2353
573,412
573,196
573,779
573,1191
573,197
574,2354
574,1400
574,2355
574,205
574,1763
574,1289
574,1975
574,2356
574,2357
575,2040
575,345
575,77
575,686
575,30
575,681
575,489
575,706
575,615
575,486
575,687
575,305
575,340
575,347
575,306
575,743
575,2358
575,2359
575,344
575,34
575,210
575,843
575,133
575,350
575,57
575,584
575,1246
575,391
575,637
575,356
575,359
575,1056
575,394
575,1247
575,494
575,531
575,2130
575,1837
575,290
575,499
575,1285
575,753
575,623
575,1195
575,501
575,853
575,1161
575,309
575,94
575,308
575,92
575,507
575,1828
575,2085
575,67
575,683
575,514
575,662
575,2360
576,218
576,143
576,210
576,135
576,851
576,2361
577,2362
577,2363
577,2364
577,2365
577,2366
577,2367
577,814
577,2368
577,2369
578,343
578,210
578,539
578,157
578,515
579,1309
579,1080
579,2370
579,2371
579,2372
580,813
580,2373
580,2374
580,136
580,1180
580,224
580,156
580,1198
581,2375
581,2376
581,2377
581,2378
581,2379
582,1675
582,1123
582,386
582,22
582,76
582,343
582,74
582,347
582,722
582,1246
582,599
582,350
582,1059
582,1600
582,655
582,62
582,589
582,93
582,445
582,821
582,1606
582,1242
582,733
582,2021
583,2336
583,2380
583,74
583,471
583,472
584,833
584,2381
584,221
584,45
584,426
584,223
584,1478
584,1249
584,1881
584,356
584,2055
584,184
584,1158
584,853
584,539
584,537
584,245
584,2382
584,10
584,2383
584,2384
584,799
584,265
584,1791
585,485
585,1316
585,368
585,1483
585,155
585,45
585,327
585,43
585,1047
585,1963
585,1830
585,778
586,2385
586,2386
586,2387
586,2388
586,2389
586,2390
586,2391
586,97
587,2
587,53
587,483
587,301
587,420
587,1051
588,2392
588,2393
588,2394
588,2395
588,2396
588,2397
589,210
589,210
589,672
589,2065
589,68
590,1731
590,567
590,1844
590,2086
590,1653
591,428
591,2061
591,732
591,631
591,1242
592,1213
592,394
592,815
592,327
592,1093
592,59
592,403
592,752
592,817
592,1352
592,84
592,1600
592,2065
592,745
592,852
592,1218
592,249
592,1491
592,1284
592,621
592,1643
592,1060
592,279
592,753
592,853
592,1061
592,2398
592,377
592,96
592,383
592,9
592,1221
592,67
592,292
592,382
592,2399
592,2400
592,2401
592,928
592,2402
592,676
592,955
592,171
592,119
592,724
592,255
592,175
592,1444
592,528
592,276
592,634
592,2033
592,645
592,1240
593,632
593,76
593,428
593,2403
593,587
594,432
594,2404
594,2405
594,2406
594,2407
594,2408
594,1366
595,2036
595,300
595,706
595,351
595,2285
595,220
595,722
595,320
595,319
595,353
595,391
595,1058
595,211
595,1093
595,585
595,221
595,1962
595,425
595,2122
595,1322
595,1226
595,1863
595,119
595,1927
595,115
595,955
595,1166
595,1729
596,2036
596,895
596,78
596,706
596,80
596,33
596,722
596,132
596,147
596,133
596,1045
596,531
596,524
596,1072
596,2083
596,1992
597,2409
597,386
597,25
597,22
597,688
597,495
597,1217
597,1517
598,73
598,52
598,684
598,474
598,422
598,920
598,852
598,42
598,1251
598,1134
598,780
598,2410
598,1044
598,1522
598,331
598,128
598,127
598,2037
599,77
599,38
599,2411
599,816
599,1478
599,1246
599,82
599,1072
599,362
599,1738
599,501
599,748
599,1345
599,1742
599,2412
600,467
600,2251
600,36
600,364
600,498
600,2413
601,592
601,481
601,429
601,747
601,323
601,171
602,2414
602,2415
602,2416
602,2417
602,2418
603,2419
603,425
603,1941
603,1181
603,63
603,385
603,794
604,145
604,344
604,843
604,56
604,1174
604,220
604,392
604,57
604,752
604,1999
604,261
604,263
604,739
604,825
604,1793
604,525
604,854
605,592
605,2036
605,722
605,1155
605,672
605,1800
605,585
605,2420
605,1476
606,650
606,2421
606,2422
606,2423
606,550
606,67
607,833
607,325
607,143
607,489
607,353
607,154
607,155
607,357
607,370
607,224
607,228
607,1923
607,379
607,506
607,835
607,518
608,587
608,694
608,217
608,719
608,143
608,402
608,338
608,339
608,77
608,713
608,149
608,36
608,1056
608,1056
608,1056
608,970
608,970
608,970
608,2424
608,2424
608,2424
608,2425
608,2425
608,2425
608,280
608,280
608,280
608,898
608,898
608,898
608,683
608,683
608,683
608,69
608,69
608,69
608,45
608,45
608,45
608,253
608,253
608,253
609,2426
609,2059
609,708
609,774
609,445
609,754
609,1840
609,2427
609,2428
610,539
610,672
610,138
610,1916
610,2032
610,66
610,1200
610,1828
610,68
610,797
610,268
610,2131
611,1802
611,2429
611,2202
611,2430
611,336
611,988
611,756
611,252
612,2431
612,1770
612,2036
612,96
612,1204
613,235
613,233
613,137
613,168
613,112
614,2432
614,925
614,4
614,1031
614,592
615,627
615,803
615,21
615,55
615,74
615,136
615,846
615,847
615,1164
615,1994
615,677
616,926
616,487
616,142
616,2433
616,713
616,407
616,306
616,148
616,595
616,149
616,616
616,307
616,525
616,491
616,220
616,36
616,843
616,464
616,584
616,353
616,492
616,59
616,1181
616,766
616,373
616,64
616,846
616,291
616,2434
616,1199
616,789
616,823
616,515
616,576
616,798
616,1964
616,123
616,2435
616,2436
616,933
616,562
616,794
617,926
617,464
617,2115
617,153
617,235
617,382
617,702
618,926
618,385
618,516
618,1144
618,2017
618,1473
618,520
618,781
618,784
619,2437
619,592
619,903
619,813
619,487
619,397
619,719
619,56
619,35
619,132
619,133
619,429
619,1826
619,362
619,2007
619,854
619,2438
619,2439
619,1863
619,641
619,1205
619,2015
619,1303
619,1240
620,210
620,354
620,151
620,134
620,98
621,76
621,3
621,391
621,161
621,2440
621,1933
622,2441
622,1239
622,1050
622,219
622,132
622,727
622,59
622,855
623,3
623,594
623,530
623,62
623,1517
624,3
624,444
624,727
624,698
624,667
624,2410
624,631
624,128
625,389
625,133
625,1181
625,921
625,92
625,835
625,67
625,660
625,2442
625,2018
625,892
625,276
625,645
626,926
626,742
626,218
626,953
626,2443
626,336
626,345
626,337
626,2444
626,814
627,742
627,843
627,416
627,37
627,183
627,1250
627,772
627,585
627,2077
627,2078
628,694
628,702
628,511
628,2085
628,1066
628,1175
628,410
628,1361
628,1227
628,755
628,576
628,1703
628,2010
628,2445
628,1830
628,1625
628,2034
628,1135
629,1111
629,73
629,2446
629,722
629,2078
629,2447
630,740
630,477
630,472
630,26
630,74
630,397
630,78
631,207
631,386
631,21
631,741
631,489
631,136
631,2425
632,2448
632,336
632,345
632,2449
632,594
632,210
632,429
632,319
632,426
632,1911
632,40
632,1183
632,62
632,623
632,1521
632,2138
632,1134
632,1913
632,1999
632,2140
632,611
632,262
632,1472
632,2061
632,2094
632,1869
632,2435
633,2450
633,2451
633,2452
633,2453
633,2454
634,908
634,2455
634,2456
634,158
634,2427
634,1024
635,2457
635,2458
635,1297
635,1879
635,1173
636,574
636,187
636,810
636,808
636,750
637,615
637,616
637,491
637,40
637,185
637,1413
637,970
637,502
637,624
637,2459
637,98
637,2460
637,514
637,194
637,692
637,560
638,2461
638,427
638,1129
638,2462
638,2463
638,346
638,389
638,2464
638,843
638,221
638,1146
638,1252
638,1059
638,1916
638,42
638,279
638,585
638,1061
638,238
638,507
638,506
638,510
639,768
639,2465
639,25
639,51
639,736
639,685
639,31
639,686
639,2466
639,619
639,506
639,511
640,2467
640,2468
640,2469
640,2470
640,2471
640,2472
641,1786
641,1308
641,310
641,2473
641,2474
641,2475
641,1770
642,1192
642,2157
642,715
642,2476
642,1653
643,2477
643,2478
643,2479
643,1573
643,2480
644,956
644,2249
644,2481
644,2482
644,2483
645,2484
645,2485
645,2486
645,2487
645,237
646,2488
646,2489
646,2490
646,2491
646,2492
647,2493
647,2494
647,2495
647,2496
647,2491
648,2497
648,2498
648,2499
648,393
648,355
648,222
649,2500
649,2272
649,2501
649,1403
649,2502
650,2442
650,2013
650,271
650,1477
650,1043
650,274
650,1255
650,2353
651,758
651,1440
651,1844
651,2503
651,1957
651,2504
651,2505
652,1297
652,635
652,2046
652,1968
652,1932
652,568
653,2506
653,2507
653,2508
653,2509
653,2510
654,2139
654,2382
654,2511
654,2111
654,2351
655,2512
655,2513
655,1569
655,2514
655,2515
655,2516
656,2517
656,2518
656,2260
656,1306
656,2519
657,646
657,923
657,1848
657,1959
657,2520
658,2521
658,2522
658,2523
658,2524
658,2525
659,336
659,2526
659,464
659,362
659,160
659,1898
659,512
659,2007
659,276
659,1124
659,201
659,933
659,792
659,1138
660,2518
660,2260
660,1306
660,2527
660,2528
660,2529
661,2530
661,1446
661,2531
661,2532
661,2533
662,2534
662,2535
662,2536
662,2537
662,2538
662,2539
662,2540
663,2541
663,2542
663,2543
663,2544
663,2545
663,2546
664,2547
664,2548
664,1478
664,1246
664,1799
664,1146
664,688
664,1055
664,1054
664,493
664,1378
665,1056
665,134
665,969
665,425
665,707
665,1215
665,1216
665,1377
665,1491
665,921
665,42
665,1073
665,1139
665,927
665,1934
665,577
665,800
665,124
666,356
666,1134
666,1624
666,1484
666,738
666,732
667,522
667,817
667,672
667,322
667,1014
668,4
668,740
668,358
668,353
668,1250
668,531
668,720
668,2123
669,98
669,98
669,1829
669,1829
669,922
669,922
669,1988
669,1988
669,274
669,274
669,691
669,691
669,2046
669,2046
670,1049
670,209
670,1377
670,362
670,40
670,1198
670,1172
671,1031
671,3
671,741
671,54
671,846
671,392
671,2549
671,892
672,2550
672,1129
672,216
672,1051
672,304
672,27
672,2551
673,2552
673,2553
673,2554
673,2555
673,2556
673,2425
674,494
674,2010
674,2000
674,724
674,271
674,1286
674,121
674,2094
674,272
674,670
674,277
674,691
674,274
674,1169
674,578
674,777
674,1138
674,1170
674,591
674,2557
674,2135
675,2558
675,1309
675,450
675,1038
675,765
675,2559
676,222
676,523
676,1971
676,1101
676,501
676,1061
676,1989
676,1161
676,291
676,507
676,801
677,2560
677,2560
677,710
677,710
677,218
677,218
677,953
677,953
677,421
677,421
677,489
677,489
677,706
677,706
677,347
677,347
677,618
677,618
677,220
677,220
677,183
677,183
677,352
677,352
677,320
677,320
677,1320
677,1320
677,2561
677,2561
678,1972
678,2562
678,985
678,2563
678,2276
678,1234
678,2564
679,2565
679,1246
679,688
679,1538
679,1054
679,676
679,797
679,193
679,419
679,2155
679,1632
680,722
680,38
680,351
680,304
680,318
680,39
680,1377
680,464
680,327
680,162
680,1217
680,359
680,360
680,184
680,1058
680,1258
680,381
680,1947
680,118
680,46
680,272
680,1933
680,838
680,619
680,328
680,1060
680,369
681,903
681,320
681,744
681,1734
681,88
681,246
681,1473
681,175
681,1206
681,1440
682,2566
682,2567
682,2568
682,2569
682,2570
682,2571
682,2572
682,2573
682,2574
682,2575
682,1691
683,2576
683,2577
683,2578
683,2579
683,2580
683,2581
683,2582
683,2583
683,2584
683,1013
683,2585
683,188
683,2586
683,1391
683,1015
683,2587
683,2588
683,2589
684,1249
684,530
684,132
684,645
684,126
685,2590
685,1054
685,425
685,211
685,816
685,2075
685,2130
685,2591
685,617
685,653
685,2116
685,1217
686,927
686,504
686,288
686,1139
686,100
686,1197
686,1199
686,1740
686,2592
686,1200
686,1132
686,789
686,1603
686,2078
686,2071
686,664
686,1607
686,254
686,173
686,2593
686,2594
686,1630
686,193
686,1176
686,2008
686,670
686,331
686,2353
686,1866
686,129
686,1440
686,779
686,794
686,2428
686,1441
686,1591
686,2595
687,2596
687,2597
687,2598
687,2599
687,2600
687,2601
688,1332
688,1718
688,2602
688,2228
688,2603
689,2024
689,878
689,2604
689,1080
689,1006
689,2605
689,2606
690,1191
690,856
690,2037
690,1930
690,2476
690,1520
691,2607
691,2124
691,2125
691,2608
691,2609
692,1246
692,1600
692,806
692,2079
692,1365
693,2610
693,2611
693,2612
693,2613
693,1835
694,1038
694,1305
694,2614
694,2615
694,1405
694,310
695,136
695,2616
695,539
695,2617
695,673
696,354
696,358
696,1600
696,1971
696,1142
696,2007
696,66
696,641
697,2618
697,2619
697,2172
697,2620
697,468
697,2621
698,155
698,154
698,2622
698,237
698,371
698,44
698,2398
699,1403
699,1618
699,1007
699,2273
699,2522
699,2623
699,2624
699,2625
700,2626
700,1541
700,2001
700,739
700,578
700,1731
700,1765
700,263
700,777
701,2627
701,2628
701,2629
701,2630
701,2631
702,2632
702,2633
702,1793
702,2634
702,692
703,2635
703,2635
703,2635
703,2636
703,2636
703,2636
704,771
704,1538
704,988
704,1131
704,1990
704,816
704,403
704,1799
704,598
704,2096
704,2070
704,328
704,745
704,671
704,533
704,1101
704,556
704,2637
704,2105
705,2094
705,2435
705,276
705,2155
705,2638
706,1709
706,2639
706,2225
706,2640
706,2641
706,2642
707,124
707,2021
707,1731
707,1121
707,2067
708,2643
708,2644
708,785
708,791
708,1438
708,2634
709,2645
709,2646
709,2187
709,2647
709,2648
709,2649
710,2650
710,2330
710,2651
710,2652
710,2653
710,2607
711,1377
711,2059
711,2062
711,1889
711,646
711,569
711,1729
711,1299
712,2654
712,2655
712,2656
712,2657
712,2658
713,2659
713,2314
713,2453
713,2660
713,2661
714,2662
714,1169
714,2050
714,2067
714,1138
714,2663
715,389
715,603
715,2398
715,808
715,809
715,2092
715,110
716,2664
716,2665
716,2175
716,2666
716,2667
717,2668
717,2669
717,1558
717,2670
717,2671
718,2672
718,2672
718,2672
718,2673
718,2673
718,2673
719,1584
719,2674
719,561
719,2634
719,725
720,591
720,2019
720,566
720,2675
720,1932
720,1439
720,2676
720,2677
721,2678
721,1172
721,1172
721,1172
721,1932
721,568
721,1730
721,1299
721,2679
721,1959
721,560
721,2680
722,1543
722,374
722,381
722,245
722,821
722,515
723,2681
723,2682
723,2064
723,2675
723,1896
724,2683
724,2051
724,2684
724,1417
724,1732
725,2685
725,2685
725,2686
725,2686
725,2687
725,2687
726,1031
726,428
726,694
726,718
726,712
727,1711
727,2688
727,2689
727,2690
727,2691
727,2692
727,2693
728,804
728,902
728,162
728,371
728,234
728,112
728,370
729,2694
729,2695
729,2027
729,2696
729,694
730,2697
730,2698
730,2699
730,310
730,2700
731,528
731,1444
731,634
731,1731
731,126
731,278
731,1627
732,2701
732,2702
732,2703
732,2704
732,2705
732,2706
733,1072
733,1971
733,1962
733,445
733,853
733,97
733,384
733,295
733,823
733,955
733,2017
733,641
733,2062
734,783
734,2159
734,2707
734,1171
734,591
734,2128
734,1024
734,565
735,2708
735,1005
735,2709
735,2710
735,2711
735,1403
735,2712
735,2713
735,2714
735,2172
735,1264
735,2715
735,205
735,2716
735,951
735,2717
736,393
736,1146
736,1054
736,621
736,1285
736,87
736,556
736,2718
736,1061
737,2146
737,2146
737,1478
737,1478
737,2591
737,2591
737,394
737,394
737,356
737,356
737,362
737,362
737,2719
737,2719
737,2096
737,2096
737,772
737,772
737,1910
737,1910
737,1738
737,1738
737,40
737,40
737,256
737,256
737,1798
737,1798
737,1492
737,1492
737,363
737,363
737,2114
737,2114
737,553
737,553
737,2069
737,2069
737,2720
737,2720
737,1543
737,1543
737,1739
737,1739
737,671
737,671
737,64
737,64
737,624
737,624
737,2108
737,2108
737,93
737,93
737,1380
737,1380
737,606
737,606
737,1834
737,1834
737,2721
737,2721
737,99
737,99
737,1014
737,1014
738,222
738,393
738,2722
738,1285
738,501
738,2076
738,64
738,499
738,1380
738,823
739,1058
739,60
739,1359
739,192
739,112
739,268
739,175
740,2723
740,563
740,278
740,580
740,591
740,1896
740,2675
740,1650
740,197
741,40
741,1216
741,2724
741,2065
741,1891
741,585
741,1631
741,373
741,293
741,624
741,853
741,2725
741,308
741,536
741,384
741,1493
741,898
741,2726
741,385
741,10
741,1248
741,101
741,1200
741,513
741,2727
741,1624
741,537
741,2728
741,381
741,2729
741,609
741,404
741,2730
741,515
741,1741
741,928
741,665
741,797
741,1144
741,955
741,611
741,899
741,613
741,194
741,1933
741,781
741,519
741,2731
741,1476
741,1611
741,274
741,2008
741,1869
741,272
741,411
741,933
741,1915
741,2683
741,2723
741,2682
741,1417
741,1445
741,581
741,1485
741,2048
741,435
741,2254
741,1165
742,2732
742,2733
742,2192
742,2734
742,2735
743,292
743,1608
743,2071
743,690
743,278
743,2736
743,1995
743,197
744,2001
744,2737
744,2738
744,2050
744,758
745,2739
745,386
745,740
745,474
745,216
746,1521
746,353
746,64
746,92
746,1860
746,2740
747,2741
747,1370
747,2742
747,2743
747,2744
747,2745
747,2021
748,1333
748,1333
748,2363
748,2363
748,2746
748,2746
749,1403
749,2240
749,2712
749,2747
749,2748
750,2749
750,2750
750,2751
750,2752
750,2753
751,2754
751,2755
751,2756
751,2757
751,1170
752,2758
752,2759
752,2760
752,2761
752,2762
753,2763
753,1611
753,2094
753,1288
753,827
753,2002
754,2764
754,2764
754,2764
754,2765
754,2765
754,2765
755,2766
755,2766
755,2202
755,2202
755,2767
755,2767
756,2768
756,2769
756,2770
756,867
756,2771
756,2668
756,2249
757,671
757,1600
757,1060
757,820
757,700
757,163
757,247
757,288
757,1287
757,1601
757,372
757,536
757,928
757,1602
757,989
757,1603
757,1197
757,668
757,612
757,526
757,268
757,1047
757,248
757,1604
757,1605
757,1606
757,1607
757,1608
757,799
757,1609
757,1593
757,1610
757,1611
757,125
757,1612
758,429
758,969
758,1538
758,771
758,1131
758,1377
758,1250
759,2772
759,2773
759,310
759,2774
759,2775
759,957
759,882
760,393
760,37
760,58
760,1377
760,222
760,1058
760,2130
760,653
760,599
760,1766
760,2561
760,499
760,817
760,737
760,1061
760,2070
760,746
760,501
760,309
760,237
760,236
760,323
760,709
760,1196
760,2434
760,1828
760,244
760,928
760,2776
760,1555
760,120
760,2000
760,724
760,1205
760,691
760,2123
760,591
761,2777
761,3
761,909
761,741
761,688
761,531
761,817
761,530
761,2778
761,356
761,745
761,1329
761,157
762,2779
762,2780
762,2781
762,1733
762,210
762,362
762,728
762,137
762,137
762,249
762,1971
762,834
762,1993
762,233
762,445
762,1917
762,67
762,2782
762,2783
763,2784
763,77
763,30
763,341
763,339
763,714
763,594
763,2449
763,595
763,2358
763,1062
763,1063
763,2785
763,814
763,346
763,2285
763,1154
763,2786
763,1827
763,492
763,1478
763,418
763,417
763,969
763,136
763,1180
763,1798
763,494
763,1215
763,621
763,622
763,1284
763,82
763,1183
763,502
763,1380
763,1631
763,2139
764,710
764,36
764,722
764,157
764,370
764,1248
764,118
765,2787
765,791
765,2788
765,130
765,2789
765,2663
765,1922
765,197
766,327
766,211
766,59
766,699
766,60
766,322
766,2425
766,376
766,288
766,309
766,378
766,638
766,1317
766,683
766,262
766,263
767,2790
767,184
767,2719
767,2069
767,737
767,1912
767,585
767,2791
767,598
767,605
767,589
767,2149
767,44
767,989
767,504
767,383
767,1740
767,381
767,68
767,296
767,611
767,262
767,259
767,1625
767,2110
767,613
767,2792
767,1987
767,2793
767,2794
767,1869
767,2795
767,1416
767,767
767,566
767,1969
767,1928
767,2126
767,2723
767,2125
768,662
768,1203
768,891
768,2730
768,118
768,922
768,194
768,2384
768,1933
768,563
768,779
768,197
768,2796
769,39
769,1364
769,99
769,1139
769,659
770,866
770,867
770,2797
770,2798
770,284
771,341
771,713
771,148
771,525
771,2398
772,2799
772,805
772,493
772,1378
772,1329
772,394
772,970
772,499
772,1072
772,2116
772,309
772,1824
772,107
772,1302
772,173
772,1889
772,2062
772,1896
773,2800
773,2035
773,2145
773,1418
773,1959
773,2801
774,2802
774,2802
774,2802
774,2802
774,2802
775,2803
775,479
775,325
775,220
775,221
775,2804
776,1239
776,1157
776,833
776,316
776,340
777,2805
777,2806
777,1801
777,1290
777,2807
778,2808
778,2808
778,2808
778,2808
778,2809
778,2809
778,2809
778,2809
779,2810
779,2810
779,2810
779,2810
779,2810
780,2811
780,2811
780,2812
780,2812
780,2813
780,2813
781,2814
781,2814
781,2815
781,2815
781,2816
781,2816
782,2817
782,1031
782,76
782,136
782,933
783,298
783,583
783,56
783,688
783,1302
784,2818
784,2819
784,1012
784,2820
784,2821
784,2822
784,2823
784,2076
784,2824
784,2585
784,2589
785,2825
785,791
785,125
785,784
785,2683
785,1897
785,793
786,343
786,1160
786,320
786,222
786,1250
786,1378
786,770
786,1213
786,1257
786,370
786,1377
786,589
786,536
786,1287
786,63
786,69
786,2727
786,193
786,2082
786,2826
786,117
786,270
786,1964
786,2401
787,2827
787,1172
787,1295
787,677
787,839
787,1653
788,467
788,1558
788,2768
788,2249
788,959
788,960
788,2828
788,2774
788,1305
788,1377
788,1181
788,1216
788,85
788,1993
788,1200
788,1324
788,559
789,2829
789,2829
789,2829
789,2829
789,2829
790,2770
790,2478
790,2668
790,2830
790,2831
791,2832
791,2832
791,2832
791,2832
791,2832
791,2832
792,2833
792,2834
792,2835
792,1422
792,2836
793,2837
793,2837
793,2837
793,2837
793,2837
794,582
794,1650
794,2161
794,571
794,2838
795,2839
795,2839
795,2839
795,2840
795,2840
795,2840
796,2841
796,2841
796,2841
796,2841
796,2842
796,2842
796,2842
796,2842
797,2452
797,2452
797,2452
797,2452
797,2452
798,327
798,327
798,327
798,2843
798,2843
798,2843
799,2844
799,2845
799,2846
799,2847
799,2848
800,211
800,536
800,2438
800,2849
800,1931
801,480
801,1217
801,819
801,673
801,855
802,804
802,430
802,899
802,2850
802,955
803,2123
803,2851
803,782
803,1242
803,129
803,1895
804,903
804,29
804,30
804,45
804,1923
804,532
804,42
804,42
804,820
804,1828
804,512
804,1608
804,45
804,2439
804,2017
804,268
804,733
804,2033
804,1125
804,1952
804,2037
805,1975
805,2852
805,478
805,487
805,31
805,402
805,358
805,354
805,134
805,391
805,40
805,157
805,1600
805,370
805,371
805,232
805,408
805,374
805,658
805,1900
805,206
805,2849
806,541
806,119
806,641
806,2853
806,123
806,1162
806,1163
806,971
806,1610
806,1895
807,1329
807,327
807,82
807,728
807,796
807,281
807,92
807,2084
807,855
807,809
807,1925
807,118
808,2854
808,2855
808,2856
808,217
808,2857
809,1763
809,2858
809,1746
809,999
809,2859
809,1252
809,1217
809,1257
809,373
809,499
809,501
809,279
809,69
809,500
809,2401
809,1829
809,1863
809,139
809,252
809,519
809,1382
809,330
809,2008
809,691
809,2218
809,591
809,1924
809,2730
809,1846
810,2860
810,2861
810,771
810,320
810,617
810,1881
810,426
810,1133
810,620
810,1247
810,621
810,40
810,672
810,160
810,2090
810,1320
810,1060
810,279
810,231
810,2622
810,2862
810,373
810,499
810,2863
810,1220
810,1285
810,238
810,1321
810,556
810,502
810,95
810,240
810,1914
810,1322
810,1222
810,906
810,643
810,1241
810,1913
810,381
810,1382
810,258
810,398
810,1629
810,1602
810,2010
810,612
810,1805
810,668
810,2082
810,262
810,1839
810,526
810,255
810,268
810,120
810,2794
810,277
810,1255
810,1869
810,1365
810,2795
810,670
810,2011
810,2021
810,645
810,563
810,1840
810,2127
810,1792
810,1240
810,1485
811,355
811,897
811,1244
811,698
811,225
811,186
811,672
811,98
811,1139
811,1198
811,1200
811,1143
811,68
811,192
811,112
811,666
811,518
811,1228
811,2013
811,2410
811,2435
811,631
811,839
812,1582
812,386
812,2864
812,476
812,210
812,210
812,2013
813,2865
813,2128
813,1955
813,1994
813,1299
814,501
814,853
814,820
814,116
814,667
815,1381
815,683
815,1861
815,1987
815,1204
815,837
815,767
816,1483
816,1093
816,1181
816,556
816,1643
816,927
816,503
816,1142
816,2442
816,526
817,1918
817,787
817,1792
817,2019
817,1843
817,2866
817,790
817,2035
817,455
817,1929
817,202
817,839
818,2867
818,2040
818,1722
818,667
818,801
819,1941
819,230
819,8
819,1601
819,822
819,1828
819,45
819,662
819,1345
819,176
819,139
820,2111
820,2868
820,2869
820,811
820,2792
820,2731
820,1255
820,2794
820,1869
820,2795
820,1416
820,2124
820,2001
820,2457
820,2080
820,1915
820,2125
820,2126
820,1450
820,265
820,2870
820,2048
821,2065
821,1543
821,2105
821,1142
821,1359
821,504
821,989
821,1740
821,2592
821,240
821,385
821,2871
821,590
821,537
821,663
821,2152
821,2726
821,1132
821,1891
821,513
821,775
821,1224
821,2728
821,2872
821,2873
821,1475
821,665
821,2874
821,611
822,356
822,1329
822,1413
822,1414
822,358
822,44
822,163
822,505
822,191
822,1900
822,723
822,107
822,1854
822,245
822,514
822,2727
822,169
822,177
822,195
822,1555
822,519
822,703
822,1024
822,1793
822,725
823,2875
823,2875
823,2875
823,2875
823,2876
823,2876
823,2876
823,2876
823,705
823,705
823,705
823,705
824,835
824,2877
824,1900
824,731
824,824
825,812
825,56
825,594
825,132
825,361
826,2878
826,2878
826,2878
826,2878
826,2878
827,2879
827,2880
827,2881
827,2882
827,2883
827,2884
828,977
828,977
828,977
828,2314
828,2314
828,2314
829,2885
829,2885
829,2885
829,2885
829,2885
829,2885
830,882
830,882
830,1038
830,1038
830,2886
830,2886
831,2887
831,2888
831,2889
831,649
831,2890
831,2891
832,2892
832,2892
832,2892
832,2892
832,2892
833,2893
833,2894
833,2895
833,2896
833,2897
833,2898
834,287
834,2899
834,2900
834,2901
834,2902
835,2903
835,2903
835,2903
835,2903
835,2903
836,2904
836,868
836,1781
836,2430
836,876
837,2905
837,925
837,472
837,895
837,1126
838,551
838,51
838,220
838,40
838,1251
839,215
839,2465
839,3
839,2444
839,337
840,1055
840,1414
840,1413
840,1655
840,499
840,1898
840,709
840,279
840,2084
840,2460
840,163
840,2800
841,356
841,383
841,171
841,669
841,1125
842,1284
842,621
842,499
842,2906
842,2076
842,796
842,556
842,2083
842,1061
842,373
842,309
842,2718
842,1380
842,1381
842,2907
842,507
842,100
842,1917
843,1122
843,196
843,566
843,646
843,567
843,2135
844,480
844,1178
844,495
844,328
844,1631
844,2083
844,62
844,1046
844,2908
844,1800
844,1014
844,2909
844,514
844,259
844,271
844,2910
844,2789
845,143
845,37
845,155
845,851
845,322
845,228
845,1800
845,1863
845,892
845,563
846,158
846,1216
846,238
846,847
846,381
846,1175
846,639
847,1166
847,1242
847,2457
847,783
847,1172
847,1165
848,2015
848,2427
848,1931
848,1206
848,933
848,1872
848,48
848,1164
848,2677
849,2911
849,2912
849,2913
849,63
849,107
850,1121
850,2067
850,201
850,783
850,2676
850,1103
850,757
850,923
850,1192
851,2914
851,474
851,2072
851,2909
851,1221
852,82
852,728
852,737
852,542
852,1940
853,40
853,366
853,2778
853,921
853,187
853,322
853,230
853,672
853,1834
853,533
853,234
853,61
853,1800
853,746
853,623
853,753
853,1141
853,237
853,233
853,1601
853,374
853,243
853,506
853,1906
853,640
853,508
853,200
853,510
853,509
853,245
853,511
853,167
853,247
853,512
853,822
853,192
853,206
853,139
853,47
854,2915
854,2123
854,1866
854,1692
854,1445
854,1955
855,2398
855,97
855,102
855,118
855,1185
855,194
855,1952
856,183
856,1939
856,373
856,92
856,244
856,855
857,31
857,489
857,357
857,186
857,530
857,187
857,532
857,234
857,921
857,1321
857,503
857,2084
857,506
857,245
857,11
857,296
857,194
857,125
857,1841
857,787
858,849
858,325
858,389
858,340
858,525
858,619
858,850
858,167
858,838
858,677
859,39
859,493
859,1938
859,186
859,230
859,159
859,61
859,97
859,737
859,1199
859,107
859,379
859,846
859,820
859,1323
859,661
859,69
859,102
859,258
859,118
859,954
859,503
859,123
859,115
859,644
859,787
859,570
859,1880
860,2089
860,127
860,1125
860,2916
860,704
860,1956
860,196
860,1994
860,1928
860,1173
860,455
860,1936
861,777
861,1295
861,757
861,2005
861,1966
862,733
862,971
862,1765
862,2662
862,2005
862,563
862,1889
862,564
862,48
862,49
862,591
862,739
863,742
863,137
863,98
863,1519
863,1958
864,557
864,80
864,814
864,525
864,66
864,294
864,67
864,292
864,1225
864,798
865,2917
865,2050
865,562
865,1438
865,1418
865,2918
866,1250
866,320
866,495
866,392
866,620
866,1072
866,655
866,60
866,236
866,90
866,497
866,1898
866,1798
866,1860
866,927
866,2592
866,1917
866,2726
866,244
866,1828
866,248
866,1963
866,112
866,176
866,1135
866,46
866,1255
866,1522
866,412
866,2254
867,229
867,1285
867,753
867,853
867,282
867,501
867,1061
867,199
867,1199
867,507
867,1828
867,608
867,1317
867,1703
867,576
867,1204
867,1830
868,919
868,79
868,920
868,136
868,921
868,922
868,703
868,923
869,933
869,263
869,581
869,1590
869,194
870,137
870,229
870,1971
870,95
870,1800
870,66
870,1148
870,1417
871,212
871,1838
871,806
871,9
871,821
871,194
871,2061
871,1229
872,2919
872,550
872,75
872,22
872,74
872,471
873,412
873,2089
873,1872
873,793
873,1297
873,2736
874,697
874,1052
874,1826
874,1146
874,418
874,429
874,320
874,360
874,1055
874,897
874,1054
874,1058
874,495
874,211
874,2059
874,1133
874,2130
874,1180
874,1990
874,816
874,1093
874,373
874,621
874,1060
874,2616
874,60
874,556
874,853
874,1414
874,1413
874,84
874,501
874,753
874,243
874,295
875,2059
875,384
875,789
875,1593
875,121
875,1169
875,1877
876,26
876,1155
876,464
876,2212
876,1131
876,2097
876,540
876,2111
876,1103
876,1055
876,1018
877,641
877,1630
877,2061
877,634
877,175
877,2005
877,1967
878,1196
878,375
878,661
878,809
878,112
878,2439
878,750
878,172
878,1630
878,2920
878,1952
878,1793
878,2921
879,2427
879,791
879,1952
879,646
879,1439
879,1299
879,779
879,1846
879,571
879,2838
880,1215
880,2056
880,150
880,2791
880,60
880,504
880,606
880,600
880,377
880,201
880,2052
880,2683
880,2922
880,1377
880,2923
881,717
881,812
881,1734
881,1999
881,2924
881,2401
881,928
881,1741
882,33
882,348
882,407
882,464
882,318
882,429
882,353
882,697
882,45
882,1052
882,1252
882,494
882,2804
882,1939
882,2925
882,2400
882,767
882,1840
883,1897
883,1590
883,567
883,1996
883,1928
883,570
883,130
884,770
884,1093
884,497
884,753
884,737
884,2076
884,1838
884,2434
884,2729
884,2727
884,1659
884,1415
884,2110
884,1203
884,1204
884,262
884,1593
885,577
885,1162
885,703
885,1206
885,1841
886,599
886,1055
886,969
886,320
886,2926
886,373
886,556
886,1061
886,1359
886,92
886,97
886,2077
886,820
886,288
886,659
886,1199
886,807
886,246
886,2727
886,1475
886,2927
886,667
886,514
887,136
887,154
887,1180
887,157
887,363
887,370
887,230
887,921
887,1923
887,1916
887,226
887,655
887,371
887,2622
888,662
888,272
888,1221
888,2928
888,2457
889,411
889,971
889,634
889,791
889,2427
889,578
889,1841
889,782
889,2019
889,1022
889,2929
889,278
889,2062
889,1889
889,646
889,2675
889,1627
889,2930
889,1650
889,2918
889,2931
890,336
890,2726
890,1740
890,537
890,2140
890,2872
890,1136
891,1062
891,482
891,2146
891,598
891,2059
891,212
891,85
891,2791
892,479
892,629
892,710
892,2212
892,1734
892,2932
893,1054
893,186
893,66
893,661
893,2933
894,2727
894,608
894,642
894,1999
894,854
894,97
894,99
894,308
894,2934
894,1825
894,94
894,1161
894,1197
894,271
895,1842
895,1417
895,278
895,2935
895,2062
895,1889
895,591
895,1952
895,1896
895,2675
895,2677
895,2936
896,2937
896,688
896,969
896,1131
896,320
896,601
896,2060
896,620
896,1492
896,2926
896,503
896,308
896,288
896,507
896,65
896,242
896,1493
896,257
896,854
896,1893
896,258
896,1324
896,261
896,2010
896,271
896,2910
896,2082
896,1839
896,2938
896,275
897,2466
897,523
897,1800
897,97
897,2616
897,1989
897,1287
897,2460
897,1136
897,756
897,109
897,673
898,2939
898,401
898,2446
898,33
898,429
898,1246
898,1215
898,601
898,356
898,1074
898,2940
898,268
899,601
899,1055
899,2941
899,82
899,256
899,1284
899,605
899,2907
899,258
899,2109
899,2942
899,2445
900,1264
900,2013
900,1933
900,2061
900,1135
900,1522
900,738
901,1284
901,237
901,1142
901,1141
901,1203
901,2012
901,2021
902,436
902,792
902,1956
902,2943
902,2736
902,202
903,2944
903,591
903,2128
903,122
903,758
903,2677
903,1958
903,856
903,2945
903,2946
903,1612
903,2156
903,2947
903,1418
903,1846
903,197
903,2936
904,2948
904,2949
904,2950
904,1172
904,2675
905,2011
905,2951
905,2457
905,129
905,2126
906,903
906,218
906,1254
906,375
906,97
906,731
907,354
907,425
907,2055
907,1600
907,699
907,370
907,988
907,358
907,320
907,2130
907,622
907,1939
907,655
907,1219
907,708
907,309
907,500
907,1141
907,2440
907,641
907,2352
908,141
908,1003
908,1765
908,1121
908,2062
908,1889
909,2952
909,2246
909,2811
909,2514
909,911
909,1694
910,1711
910,2953
910,2319
910,2954
910,2955
910,2956
911,2957
911,915
911,2469
911,2958
911,2959
912,2960
912,2960
912,2960
912,2960
912,2960
913,2205
913,2205
913,2205
913,2205
913,2205
914,2196
914,2196
914,2196
914,2196
914,2961
914,2961
914,2961
914,2961
915,2477
915,2477
915,2479
915,2479
915,2962
915,2962
916,2058
916,2058
916,2058
916,2058
916,2058
916,2058
917,1069
917,1069
917,1069
917,2963
917,2963
917,2963
918,2964
918,2964
918,2964
918,2964
918,2964
918,2965
918,2965
918,2965
918,2965
918,2965
919,2966
919,2966
919,2966
919,2966
919,2966
919,2967
919,2967
919,2967
919,2967
919,2967
920,2968
920,2968
920,2968
920,2968
920,2968
921,2969
921,2969
921,2969
921,2969
921,2969
922,2970
922,2970
922,2970
922,2970
922,2970
922,2970
922,2970
922,2970
923,2192
923,2192
923,2192
923,2971
923,2971
923,2971
924,2972
924,2972
924,2972
924,2972
924,2973
924,2973
924,2973
924,2973
925,2974
925,2974
925,2974
925,2975
925,2975
925,2975
926,2976
926,2976
926,2976
926,2976
926,2976
927,2977
927,2977
927,2977
927,2977
927,2977
928,587
928,587
928,694
928,694
928,217
928,217
928,719
928,719
928,143
928,143
928,402
928,402
928,338
928,338
928,339
928,339
928,77
928,77
928,713
928,713
928,149
928,149
928,36
928,36
929,2978
929,2978
929,2979
929,2979
929,2980
929,2980
930,2888
930,2981
930,2887
930,649
930,2982
931,2983
931,2983
931,2983
931,2984
931,2984
931,2984
932,2582
932,2985
932,2986
932,2987
932,2988
933,2535
933,2989
933,2990
933,2537
933,2991
934,2992
934,2992
934,2992
934,2992
934,2992
935,2993
935,2993
935,2993
935,2993
935,2993
936,1377
936,362
936,40
936,1198
936,1172
937,1344
937,632
937,76
937,488
937,305
937,348
937,132
937,361
937,194
937,1255
938,2994
938,2994
938,2994
938,2994
938,2994
939,2995
939,2995
939,2995
939,2995
939,2995
940,2996
940,2996
940,2996
940,2996
940,2996
941,2997
941,2997
941,2997
941,2997
941,2997
941,2997
942,2998
942,2998
942,2998
942,2998
942,2998
943,2999
943,1423
943,3000
943,3001
943,3002
944,2060
944,3003
944,3004
944,3005
944,3006
945,3007
945,3007
945,3007
945,3007
945,3007
946,3008
946,3008
946,3008
946,3009
946,3009
946,3009
947,3010
947,3010
947,3010
947,3010
947,3010
948,3011
948,3011
948,3011
948,3011
948,3011
948,3011
948,3011
948,3011
948,3011
948,3011
949,3012
949,3012
949,3012
949,3013
949,3013
949,3013
950,3014
950,3014
950,3014
950,3014
950,3014
950,3014
950,3014
951,3015
951,3015
951,3015
951,3015
951,3015
951,3015
951,3015
952,3016
952,3016
952,3016
952,3016
952,3016
952,3016
952,3016
952,3016
953,3017
953,3018
953,3019
953,3020
953,3021
954,3022
954,3022
954,3022
954,3022
954,3022
955,3023
955,3023
955,3023
955,3023
955,3023
956,3024
956,3024
956,3024
956,612
956,612
956,612
957,1365
957,1365
957,1365
957,1365
957,1365
958,3025
958,3025
958,3025
958,3025
958,3025
959,3026
959,3026
959,3026
959,3026
959,3026
960,740
960,740
960,740
960,740
960,740
961,3027
961,3027
961,3027
961,3027
961,3027
962,3028
962,3028
962,3028
962,3028
962,3028
963,3029
963,3029
963,3029
963,3029
963,3029
963,3029
964,3030
964,3030
964,3030
964,3030
964,3030
964,3030
965,3031
965,3031
965,3031
965,3031
965,3031
965,3031
966,3032
966,3032
966,3032
966,3032
966,3032
967,3033
967,3033
967,3033
967,3033
967,3033
968,3034
968,3034
968,3034
968,3034
968,3034
968,3034
969,3035
969,3035
969,3035
969,3035
969,3035
970,3036
970,3036
970,3036
970,3036
970,3036
970,3036
970,3036
971,2613
971,2613
971,2613
971,2613
971,2613
972,3037
972,3037
972,3037
972,3037
972,3037
973,1289
973,1289
973,1289
973,1289
973,1289
974,3038
974,3038
974,3038
974,3038
974,3038
974,3038
975,3039
975,3039
975,3039
975,3039
975,3039
975,3039
976,2832
976,2832
976,2832
976,2832
976,2832
977,3040
977,3040
977,3040
977,3040
977,3040
977,3040
978,3041
978,3041
978,3041
978,3041
978,3041
979,3042
979,3042
979,3042
979,3042
979,3042
980,1170
980,1170
980,1170
980,1170
980,1170
981,3043
981,3043
981,3043
981,3043
981,3043
981,3043
981,3043
982,3044
982,3044
982,3044
982,3044
982,3044
983,3045
983,3045
983,3045
983,3045
983,3045
983,3045
984,3046
984,3046
984,3046
984,3046
984,3046
984,3046
985,3047
985,3047
985,3047
985,3047
985,3047
986,3048
986,3048
986,3048
986,3048
986,3048
987,3049
987,3049
987,3049
987,3049
987,3049
987,3049
988,3050
988,3050
988,3050
988,3050
988,3050
989,3051
989,3051
989,3051
989,3051
989,3051
990,3052
990,3052
990,3052
990,3052
990,3052
990,3052
990,3052
990,3052
991,3053
991,3053
991,3053
991,3053
991,3054
991,3054
991,3054
991,3054
992,1027
992,1027
992,1027
992,1027
992,1027
993,3055
993,3055
993,3055
993,3055
993,3055
994,3056
994,3056
994,3056
994,3056
994,3056
994,3056
994,3056
995,2986
995,2986
995,2986
995,2986
995,3057
995,3057
995,3057
995,3057
996,3058
996,3058
996,3058
996,3058
996,3058
996,3058
997,3059
997,3059
997,3059
997,3059
997,3059
997,3059
997,3059
998,3060
998,3060
998,3060
998,3061
998,3061
998,3061
999,3062
999,3062
999,3062
999,3062
999,3062
999,3062
1000,1588
1000,1588
1000,1588
1000,1588
1000,1588
1001,3063
1001,3063
1001,3063
1001,3063
1001,3063
1001,3063
1002,3064
1002,3064
1002,3064
1002,3064
1002,3064
1003,3065
1003,3065
1003,3065
1003,3065
1003,3065
1004,3066
1004,3066
1004,3066
1004,3066
1004,3066
1004,3066
1005,3067
1005,3067
1005,3067
1005,3067
1005,3067
1006,3068
1006,3068
1006,3068
1006,3068
1006,3068
1006,3068
1006,3068
1007,3069
1007,3069
1007,3069
1007,3069
1007,3069
